1769	3	5529	1976	1978
8363	9	9889	1986	1986
3481	2	4284	2006	2007
29	4	3064	2005	2013
1015	0	139	1908	1908
1635	0	1636	1941	1941
1808	0	17	1966	1966
6072	4	531	1975	1993
2269	2	4236	2001	2001
3349	8	7717	2004	2005
5598	3	5250	2000	2003
3752	7	7513	2011	2011
1533	4	2697	1980	1980
3010	4	433	1959	2002
2867	0	410	1984	1984
2392	4	321	1962	2011
7443	6	3813	1968	1977
4440	2	4370	1995	1999
6032	4	3905	1903	1919
1456	4	2082	1984	2002
5388	3	5193	1985	1988
5354	3	5817	2007	2007
4844	2	4506	2001	2001
1779	6	4083	1974	2010
7321	5	7322	2013	2014
5956	3	5840	2008	2008
3029	9	8066	1961	1961
9507	9	8009	1837	1847
830	3	5179	1998	2004
3690	4	1345	1936	1941
5014	2	5140	2005	2005
1140	8	7654	1984	1993
8525	9	8526	1989	1989
1434	2	5132	1995	1995
7307	5	7308	1993	1994
4260	2	4645	1998	1999
1323	2	4994	2013	2014
4015	1	3969	2014	2014
8229	9	8230	2010	2010
4480	2	4951	2014	2014
3135	3	5177	1995	1998
4857	2	4238	1996	2001
3147	2	4941	2002	2004
6840	5	6841	1994	1995
4569	2	4612	2008	2010
1072	2	4348	1989	1990
2085	2	5019	2001	2002
2805	3	5254	1938	1963
6857	5	6858	1999	2002
3736	0	139	1927	1927
6546	5	6953	1948	1952
7581	8	7684	1909	1917
1025	8	7728	1999	1999
2758	6	3813	1993	2019
3419	3	5441	2003	2013
21	7	7525	1995	1995
5805	9	9759	1918	2013
831	2	4945	2009	2010
1363	0	139	1927	1927
3396	2	4466	2010	2010
902	2	4366	1998	1999
3260	9	8980	1668	1676
4423	2	4863	2004	2006
3615	3	5371	1994	1997
2172	3	5166	1995	1995
4237	2	4256	2007	2010
352	0	67	1899	1899
1948	0	196	1968	1968
3645	0	139	1943	1943
1563	3	5764	1982	2001
3091	2	4414	2007	2008
2286	7	1425	2004	2004
3936	1	4012	1993	1995
2648	4	3070	1940	1965
1073	0	139	1933	1933
8583	9	8584	2007	2007
9097	9	9098	1971	1971
783	9	9452	1902	1903
7576	7	2009	1891	1891
6385	5	6386	1988	1990
8681	9	8682	1914	1916
1672	8	7768	2004	2006
6418	5	6860	1996	1996
8676	9	8677	391	2001
6053	4	6052	1954	1987
119	7	79	2009	2009
5965	3	5503	1968	1973
4199	1	4200	1980	2006
1113	3	5753	1917	1930
3758	2	4592	1990	1991
4167	9	10523	2011	2011
7004	5	7005	1940	1957
4497	2	5122	2013	2013
7042	5	7037	2013	2017
1017	4	2450	2006	2017
2593	9	8191	1928	1929
8268	9	8269	1992	1992
503	0	370	1981	1981
1777	4	2065	1971	1991
7618	7	7573	1964	1964
4622	2	4604	2009	2010
354	4	680	1961	1969
4500	2	4501	2008	2008
8178	9	8179	1793	1835
5988	7	103	1954	1954
622	2	4592	2013	2014
4116	1	3937	1993	2012
3120	3	5356	2007	2007
2761	4	488	1943	1947
6112	4	1278	1969	1996
970	7	1401	1987	1987
8423	9	8424	2012	2015
1328	7	1329	1893	1893
3144	3	5434	1982	1983
5407	3	5360	2012	2014
1995	4	2541	2004	2009
2969	2	4767	2011	2013
2165	0	308	1942	1942
4874	2	5097	2002	2003
4332	2	5085	2016	2016
1076	6	3937	1983	1985
549	3	5709	1960	1981
2693	0	137	1974	1974
1931	3	5485	2004	2017
6290	4	2279	1946	1953
4594	2	4769	1994	1994
2536	9	9261	1984	2006
3674	1	4063	1968	1998
1468	8	7654	1875	1877
3134	0	83	1915	1915
956	4	1899	1984	2019
571	7	79	1982	1982
4585	2	4653	2010	2011
752	4	3104	2011	2011
4533	2	4593	2006	2006
3754	3	5177	1954	1970
3495	0	798	1909	1909
1952	4	1638	2013	2013
1756	7	7503	1998	1998
4019	1	4190	2016	2021
2567	4	606	1975	1996
113	2	5020	2015	2016
7238	5	7239	100	2017
778	2	4254	2010	2010
3176	2	4238	1990	1991
1915	3	5172	2014	2014
4812	2	4240	1999	2001
3612	2	4618	2014	2015
3789	4	78	1965	1988
9225	9	9226	2004	2009
3704	4	6201	1945	1947
2946	0	826	1991	1991
4697	2	4509	2004	2005
2230	3	5682	1979	1982
1426	5	6993	2000	2001
895	0	139	1952	1952
4677	2	4700	2014	2015
891	2	4650	1998	2000
4706	2	4456	2002	2004
114	7	79	2006	2006
2201	7	848	1906	1906
491	0	39	1940	1940
8087	9	8088	2006	2006
4464	2	4541	2008	2009
4581	2	5155	2000	2001
1679	2	4933	2004	2004
274	2	4513	2012	2014
3332	3	5307	1973	1989
4480	2	4452	2013	2013
4402	2	4849	1998	2001
6267	7	438	1951	1951
3478	2	4309	2013	2016
130	2	4358	2004	2005
3309	0	305	1915	1915
1245	6	7465	1920	1921
3140	7	22	2014	2014
4451	2	4452	2009	2012
9816	9	9817	2005	2005
5171	3	5305	1986	1992
1586	0	79	1953	1953
1801	4	3763	1942	1946
1591	7	79	1983	1983
6921	5	6922	1926	1926
3437	3	5580	1881	1895
5041	2	4268	2012	2013
8374	9	8444	1997	2009
5961	3	5172	1975	1982
5551	3	5437	2002	2008
4838	2	4416	2000	2001
1194	2	4303	1998	1999
8507	9	8508	1516	1551
4788	2	4717	2000	2001
6437	9	9847	1999	2003
1735	0	424	1982	1982
1546	4	821	1969	1982
4600	2	4731	2007	2007
3749	9	8296	2005	2005
2974	0	214	1883	1883
2236	3	5179	1986	1989
2584	4	2287	1967	1969
6783	5	6784	2003	2009
4656	2	4698	2003	2010
5703	3	5198	1868	1890
4381	2	4709	2011	2012
2199	8	7740	2002	2002
2175	4	3179	1940	1995
1888	9	10616	1945	1947
2048	0	2049	1903	1903
6074	7	308	2010	2010
6155	4	6154	1930	1961
134	4	2792	1998	1998
2746	0	103	1909	1909
3782	4	2523	2017	2017
2452	9	10370	2001	2005
566	3	5247	1987	2007
2201	0	381	1844	1844
2765	3	5179	1980	1982
3393	1	3949	2013	2013
4887	2	4530	2006	2007
2787	7	7509	1975	1975
2167	2	4933	2005	2006
5383	7	2556	1986	1986
5598	3	5214	2003	2003
5734	3	5309	1999	1999
3740	2	4524	2009	2015
3275	2	4596	2004	2005
19	0	20	1915	1915
4328	2	4757	1996	1997
3474	0	103	1913	1913
7320	5	6637	1910	1986
4711	2	4974	2003	2005
4911	2	4933	2005	2007
3496	8	7653	2001	2003
2263	3	5594	1968	1969
218	6	3813	1983	2008
4432	2	4291	2003	2004
2251	9	9780	1970	1977
3267	9	9174	1977	1977
3783	0	901	1891	1891
5524	3	5179	1913	1920
2023	3	5520	1983	1987
2127	4	6044	1970	1980
2289	8	7652	1931	1945
7562	8	7653	1939	1944
4816	2	4487	2001	2002
4623	2	4785	2011	2013
4827	2	4728	2016	2017
2170	0	125	1949	1949
1602	1	4228	2010	2010
7547	8	7674	1838	1848
3430	4	6113	1955	1974
2102	7	3	1948	1948
1509	2	4293	2010	2011
7863	8	7664	1949	1965
6279	4	5919	1911	1960
3235	6	7430	1952	1958
7504	7	917	1944	1944
10267	9	10268	2013	2014
4490	2	4506	2009	2010
807	3	5356	2006	2012
905	4	413	1966	2001
8355	9	9465	1979	1986
10504	9	10505	1847	1970
9368	9	4714	1925	1947
1802	0	139	1862	1862
3478	2	4613	2012	2014
6212	4	3375	2013	2013
6560	5	6561	2004	2004
3669	8	7842	2008	2013
3769	0	57	1964	1964
5612	3	5238	2003	2006
2436	0	1577	1906	1906
3254	3	5307	1997	1997
7515	9	9518	1890	1906
2203	0	55	1946	1946
2206	9	8626	2001	2001
8721	9	8722	1999	2001
2507	0	381	1925	1925
6930	5	6931	100	2007
5570	3	5169	1994	2002
3496	8	7659	1991	2000
1430	0	89	1849	1849
2581	2	4547	2011	2012
7758	8	7653	1861	1865
1650	2	4968	2011	2012
4326	2	4277	2009	2010
4861	2	4914	1997	1998
2067	0	199	1972	1972
2993	3	5179	1986	2005
2249	7	79	2010	2010
1573	8	7710	2013	2015
6237	4	512	1933	1945
2778	3	5246	1972	1975
4278	2	4577	2009	2010
1072	2	4238	1991	1992
6525	5	6869	100	2010
3079	4	2245	2001	2006
5848	3	5179	2014	2014
9696	9	8103	1996	2004
5969	6	3848	1977	1979
1729	7	9	1970	1970
814	0	736	1962	1962
6271	7	971	1989	1989
1765	0	220	1987	1987
6156	4	352	1932	1934
8075	9	8076	1946	1946
3223	6	3967	1954	1959
2994	0	2924	1983	1983
10615	9	9234	2016	2016
201	8	7683	2007	2007
2780	0	542	1900	1900
9278	9	9279	1965	1965
682	2	4542	1983	1985
2713	4	3284	1960	1978
4898	2	4544	2005	2006
6934	5	7218	1941	1941
1043	3	5838	2012	2014
830	3	5800	2004	2007
3630	4	3566	1947	1950
7120	5	7121	1976	2001
6405	5	6406	1920	1920
5251	3	5252	1976	2011
4255	2	4733	2008	2010
7564	9	8712	1953	1962
8412	9	8413	2009	2009
477	0	478	1872	1872
9474	9	9475	2010	2010
90	2	4466	2008	2009
1105	4	6035	1948	1954
2392	0	17	1939	1939
1257	3	5467	1838	1843
3434	3	5256	2008	2008
2979	9	7905	1843	1860
1079	2	4900	1996	1996
3721	4	114	1970	1979
4884	2	4896	2013	2015
2294	0	245	1883	1883
3405	0	2240	1933	1933
4581	2	4294	1999	1999
5674	3	5377	1870	1880
1456	4	6180	1968	1982
2393	6	3813	1989	1993
6063	4	2830	1916	1918
6397	5	6398	1988	1993
9239	9	9240	1965	1966
1138	6	4057	1934	1994
462	8	7821	1991	1991
1843	7	103	2002	2002
4495	2	4762	2003	2007
902	2	4776	1995	1996
1396	0	810	1900	1900
9815	9	8301	2003	2016
5279	3	5198	1998	2012
3686	7	2688	2008	2008
375	0	376	1913	1913
9299	9	10128	2013	2014
1455	4	329	1991	2018
853	0	139	1937	1937
4550	2	4559	1997	2001
5948	3	5389	1924	1932
6453	5	6454	2012	2013
198	0	199	1916	1916
236	0	237	1944	1944
6083	4	2016	1964	1985
7472	6	7463	1944	1948
4638	2	4407	2014	2015
750	0	542	1974	1974
2355	4	930	2000	2014
665	0	79	1940	1940
1384	0	1385	1954	1954
4623	2	4382	2007	2010
9177	9	9178	1974	1974
4318	2	4889	2012	2014
1404	7	71	1984	1984
4822	2	4400	1995	1997
5853	3	5248	1998	1999
5014	2	4275	2010	2012
8605	9	8606	2007	2008
4470	2	4556	2012	2013
3518	3	5485	1945	1959
5073	2	5151	1979	1980
1322	0	79	1965	1965
1441	3	5725	1984	2015
8158	9	8646	2015	2015
6435	5	6436	2008	2010
3481	2	4469	2011	2011
6147	4	5989	1912	1994
4540	2	4621	2001	2001
4636	2	4436	2005	2005
7485	7	83	1990	1990
4288	2	5093	2014	2015
2998	2	4314	1996	1998
548	0	323	1961	1961
4260	2	4936	1985	1986
6972	5	6408	1990	1996
2256	3	5475	2007	2008
7858	8	7653	1828	1852
5403	6	4180	1939	1942
5409	3	5382	1876	1892
4300	2	4596	2002	2004
3055	6	3848	1985	1980
3631	4	3627	2005	2006
3031	0	880	1960	1960
7505	9	8542	1947	1974
7802	8	7803	1860	1861
3328	0	267	1731	1731
1554	9	8524	1904	1906
3046	3	5179	1973	1984
7597	8	7665	1894	1916
957	4	2856	1935	1981
4599	2	5013	2010	2011
1199	3	5269	1932	1937
2113	7	224	1969	1969
1362	4	6089	1963	1967
5884	3	5172	1974	1974
8042	9	8664	2016	2016
3411	4	1418	2003	2003
2458	2	4387	2007	2008
302	7	83	2008	2008
5039	2	4651	1996	2000
1699	8	7767	1972	1992
3601	9	8388	2012	2012
7547	8	7663	1808	1830
3612	2	4639	2001	2002
4571	2	4489	1996	1997
7620	7	775	1966	1966
2862	9	10210	1993	2002
1128	0	421	1898	1898
58	7	79	2002	2002
2305	0	2306	1956	1956
6110	4	1180	1923	1969
411	3	5195	1982	2007
1990	3	5248	2014	2022
5910	3	5332	2008	2008
4391	2	4979	2007	2009
1141	3	5367	1980	1981
4660	2	4524	2011	2015
1215	4	6143	2008	2019
7362	5	7363	100	2017
9264	9	9265	1985	1985
4887	2	4329	2004	2006
3295	9	9063	1980	1981
2505	6	3870	1910	1958
5481	3	5397	1831	1831
4809	2	4968	2012	2015
2137	4	6019	1922	1973
8931	9	8932	1929	2014
3363	3	5602	2015	2021
3126	7	55	1960	1960
3462	3	5239	2001	2005
5650	3	5241	1887	1891
5498	3	5179	1907	1914
1085	2	5056	1989	1991
1336	0	1337	1994	1994
1873	7	139	1984	1984
4866	2	4489	1988	1991
5506	3	5198	1985	1988
1423	7	7513	1996	1996
922	0	923	1973	1973
3000	0	1178	1950	1950
8946	9	8947	1819	1822
961	0	9	1909	1909
5783	7	111	1901	1901
1085	2	4999	1993	1995
913	9	8451	1977	1977
6883	5	6884	2011	2017
9939	9	9940	1973	1976
4646	2	4335	2011	2013
3236	4	6228	1928	1975
1692	0	103	1788	1788
3223	3	5281	1999	2006
4723	2	4489	1995	1995
3610	0	28	1913	1913
4038	3	5196	1948	1955
2641	6	3858	1977	2014
5498	7	463	1936	1936
174	4	2966	2000	2012
3652	6	7430	1952	1959
2631	2	4526	2013	2013
1864	8	7677	1917	1919
519	6	7459	1899	1951
8276	9	8800	-411	2022
5539	3	5248	1994	2010
4850	2	4238	2000	2001
420	4	1104	2003	2003
4038	3	5181	1963	1982
5798	3	5441	2008	2017
4404	2	4736	2009	2009
136	0	137	1942	1942
95	3	5335	2011	2012
3073	0	388	1961	1961
1932	0	258	1949	1949
326	3	5736	2006	2007
3398	2	4787	2011	2012
6418	5	6578	1996	1996
4464	2	4485	2006	2007
3247	3	5225	1969	1983
2260	4	6277	1963	2001
8429	9	8430	360	2008
2804	3	5188	1995	2012
9537	9	9538	360	2006
4901	2	5070	2001	2008
8740	9	8741	2010	2011
3500	1	4204	2011	2021
7389	5	7390	100	2011
5743	3	5179	1995	1997
4381	2	4380	2009	2011
3665	2	4843	2007	2009
2532	8	7656	1980	1990
66	0	67	1968	1968
5740	3	5271	2001	2012
773	0	199	1945	1945
4862	2	4246	2006	2007
4545	2	4637	2010	2011
1827	2	4240	2015	2016
1604	4	1790	1937	1989
5885	6	3924	1963	2004
7574	7	199	1917	1917
4578	2	4979	2006	2008
924	0	925	1926	1926
6093	4	2395	1992	1995
854	3	5221	1998	2000
6116	7	2004	2013	2013
2596	4	3510	1982	1999
4943	2	4407	2007	2007
6207	7	79	1993	1993
787	4	2582	1946	1977
1480	4	5974	1966	1975
6262	4	6263	1913	1935
2631	2	4236	2007	2008
7219	5	7220	424	1986
1661	9	10063	2010	2010
8100	9	8101	2016	2016
1747	2	5115	2014	2014
7789	8	7653	1994	1994
2755	4	3157	2005	2005
2662	2	4577	1998	2000
4836	2	4762	2010	2011
8210	9	8211	1968	1969
1068	0	381	1959	1959
532	0	533	1936	1936
2626	0	1743	1988	1988
8199	9	8200	2012	2012
980	2	4407	2012	2013
6291	7	295	1945	1945
4960	2	4447	2007	2008
2125	4	6308	1987	2012
5807	3	5365	1988	2006
3158	0	125	1928	1928
9697	9	9698	1978	1979
7538	9	8762	1952	1996
130	2	4621	2002	2003
7539	7	1753	1961	1961
5845	3	5486	2013	2016
1066	0	55	1910	1910
1145	4	2226	1999	1999
2359	6	7459	1914	1917
5653	3	5340	1950	1963
989	0	83	1947	1947
4502	2	4870	1999	2000
4585	2	4824	2014	2015
2336	3	5224	1973	1973
9381	9	9382	2015	2015
2991	2	4317	2007	2011
8199	9	9641	2012	2013
7613	8	7690	1998	1998
1888	9	8080	1936	1966
769	0	770	1910	1910
9765	9	9766	1972	1983
6546	5	6835	1948	1965
4322	2	4283	1993	1994
9179	9	9180	1743	1859
2297	4	475	1947	1986
4355	2	4735	1994	1995
6652	5	6653	2014	2017
8355	9	10361	1973	1975
2662	2	4436	2000	2001
4480	2	4691	2013	2014
8707	9	8708	1910	1923
2385	3	5501	1972	1987
4581	2	4715	1998	1999
2679	0	265	1981	1981
9701	9	9702	1972	1972
5446	3	5246	1980	1988
3361	3	5796	1961	1987
291	2	4448	2003	2003
527	2	4489	1988	1993
2005	8	7778	1970	1972
1021	0	975	1940	1940
2964	0	55	1899	1899
5350	3	5252	2008	2013
300	0	301	1987	1987
600	8	7703	2001	2007
233	8	7654	2014	2014
937	2	5106	1999	2001
2990	0	542	1909	1909
5344	3	5332	2011	2013
6793	5	6794	1900	1964
4828	2	4966	2011	2012
2124	3	5179	1987	1998
7849	8	7668	1981	1981
6131	7	103	1993	1993
1313	0	245	1978	1978
5533	3	5228	2002	2015
5811	3	5812	1981	1990
8182	9	8183	2016	2016
3081	0	533	1887	1887
2189	2	4618	2013	2014
3537	7	79	1993	1993
3757	8	7665	1903	1927
2769	4	1200	2013	2013
1755	4	987	1972	1986
4427	2	4835	2005	2006
2537	2	4674	2002	2003
1470	4	2101	1954	1989
3231	3	5174	2007	2019
2827	7	283	2016	2016
7578	7	7573	1956	1956
5598	3	5599	1987	2000
1599	0	985	1922	1922
4500	2	4284	2002	2003
2149	0	176	1918	1918
7936	9	10228	2005	2011
3091	2	4246	2008	2009
7232	5	6691	1993	1998
4795	2	4918	1998	2007
9614	9	9615	1951	1989
3598	0	109	1947	1947
2675	3	5286	2003	2006
5108	2	4641	2008	2011
2906	0	103	1933	1933
6044	4	2127	1970	1980
3772	0	111	1966	1966
1831	8	7654	2008	2009
3982	1	3983	1990	1992
5512	9	10026	1965	1986
2219	0	1428	1951	1951
1296	0	17	1797	1797
4468	2	4261	1990	1991
2684	0	555	1981	1981
10454	9	10455	2007	2007
3114	3	5163	1999	1999
1091	0	1092	1796	1796
10312	9	10313	1997	1997
3497	4	5994	1950	2006
4336	2	4952	2013	2015
1246	3	5339	1996	2005
6745	5	6746	100	2017
7984	9	10059	1831	1831
5374	3	5307	1982	1989
8125	9	8126	1989	1989
2706	8	7717	2007	2015
2815	0	917	1952	1952
552	3	5228	1981	1981
3156	4	2747	2003	2009
10337	9	10338	1942	2009
702	0	79	1967	1967
10516	9	10517	2007	2008
3408	2	4489	1997	1999
29	0	30	1971	1971
753	3	5248	2010	2010
9340	9	8617	1930	1930
4617	2	4734	1985	1993
2649	7	7493	1965	1965
2917	4	3354	1993	2019
3530	2	4895	1995	1996
1050	7	696	2005	2005
6632	5	6633	2010	2010
4398	2	4719	1993	1993
3065	8	7653	1980	1988
2819	9	10248	1961	1987
3078	3	5641	1962	1963
5345	3	5505	1957	1970
9107	9	9108	1902	1902
4455	2	4637	2007	2010
1194	2	4853	1994	1994
5843	7	1667	1957	1957
5936	6	7425	1974	2020
6845	5	6846	2016	2016
3754	3	5195	1950	1954
2493	2	4878	2007	2009
2997	4	1946	1994	2014
4864	2	4283	1998	2005
3090	2	4854	2003	2003
2181	0	589	1948	1948
238	9	10439	2012	2012
5526	3	5604	1813	1815
4745	2	4434	2004	2004
3274	0	139	1966	1966
2920	3	5389	1990	1999
1837	9	10111	1904	1921
4308	2	4376	2011	2012
3294	7	1303	2000	2000
1768	7	103	2011	2011
1194	2	4722	1999	1999
190	4	3748	1994	2015
9825	9	8940	2015	2015
4369	2	4238	1999	2001
5805	7	71	2013	2013
6225	7	544	2015	2015
5664	3	5800	2013	2013
4442	2	4712	2013	2016
3734	0	432	1867	1867
4280	2	4663	2000	2001
5345	3	5542	1954	1957
3643	0	67	1911	1911
3797	0	432	1882	1882
1653	0	1654	1915	1915
8692	9	8693	1809	1870
5928	7	1487	2009	2009
8139	9	8140	1879	1895
4243	2	4329	2005	2006
4551	2	4299	2006	2007
6579	5	6580	2012	2013
5608	3	5356	2006	2008
5872	3	5263	1968	1969
2848	0	424	1960	1960
3425	3	5520	2005	2006
6797	5	7133	2844	2844
9313	9	8113	2014	2016
835	0	836	1851	1851
4820	2	5010	2011	2013
5701	3	5198	1934	1944
3003	7	540	1993	1993
5987	4	2837	1967	1976
4326	2	4696	2014	2014
2264	3	5583	1946	1952
136	8	7847	1993	1994
4711	2	4811	2000	2003
6320	6	3884	1904	1948
221	0	222	1896	1896
3498	4	3514	1943	1989
5392	3	5330	1989	1999
3096	6	3823	1980	1980
10459	9	10460	1967	2017
1666	0	1667	1935	1935
571	4	5986	1929	1941
382	4	476	2007	2017
4780	2	4509	2016	2016
3460	8	7659	1946	1976
1414	9	8633	1975	1993
9404	9	8285	2008	2019
5717	3	5273	2016	2016
3406	0	2009	1926	1926
6061	4	6062	1939	1959
2492	9	9182	1999	2003
1479	0	555	1960	1960
5976	7	103	1988	1988
5039	2	4870	2004	2005
1961	0	75	1970	1970
257	2	4876	2001	2007
3064	4	29	2005	2013
3799	8	7684	1910	1916
2025	1	3819	1952	1958
3221	8	7739	1980	1984
5631	3	5417	1957	1959
3275	2	4477	2008	2009
9386	9	10411	1988	1988
3711	4	3366	1998	2017
2491	7	20	1951	1951
4495	2	4236	1998	1998
9310	9	9311	1952	1988
9134	9	9135	1884	1966
5880	3	5874	1990	2016
4282	2	4685	1998	1999
4127	3	5319	1942	2013
8102	9	10558	1989	2016
2551	3	5754	1908	1910
6817	5	6818	1990	2006
1495	3	5387	1962	1965
444	4	1181	1997	2012
3455	0	51	1917	1917
4665	2	4408	2007	2007
1160	6	3957	1893	1897
5231	3	5160	2001	2011
54	4	313	1998	2001
1410	8	7660	1912	1916
4401	2	4756	2007	2007
4961	2	4787	1998	2000
987	0	79	1942	1942
776	0	777	1983	1983
4861	2	4648	2010	2011
7992	9	7993	2007	2013
1309	0	390	1971	1971
3237	8	7655	1993	2012
10205	9	10206	2008	2008
3163	4	6128	1970	1978
4588	2	4893	2004	2006
2066	3	5191	1972	1973
7420	5	6520	1968	1968
6943	5	6944	2000	2001
262	0	196	1958	1958
10260	9	10261	700	1997
7552	7	295	1841	1841
1276	0	1277	1978	1978
8494	9	10110	2012	2012
1372	4	3285	1922	2002
3580	8	7728	2010	2016
646	9	9536	2010	2010
3932	1	3933	1987	2012
1397	2	4702	1996	1997
3829	1	3830	1989	2006
5964	3	5228	1988	1989
2941	0	295	1927	1927
5572	9	9274	1890	1903
4716	2	4466	2008	2009
659	0	43	1984	1984
3351	0	214	1957	1957
1689	0	658	1912	1912
5969	3	5220	2016	2016
1072	2	4491	1993	1994
2095	4	1685	2007	2013
4953	2	4837	2010	2012
3004	0	125	1940	1940
389	4	3178	1999	2004
396	4	6068	1896	1933
6819	5	6539	1996	2009
2094	3	5321	1981	1996
673	3	5198	1957	1959
6073	4	3416	1902	1994
565	4	3293	1952	1999
2033	6	3848	1909	1963
5973	4	717	1952	2002
1680	0	791	1957	1957
8870	9	8871	2015	2015
1373	0	199	1946	1946
9735	9	10479	1796	1796
7358	5	7359	100	2015
4218	1	3852	1985	2020
6249	7	39	2010	2010
2239	8	7768	2000	2004
4237	2	4650	2006	2007
3070	4	2648	1940	1965
6546	5	6822	1948	1956
3501	0	1008	1904	1904
195	8	7652	1931	1944
4659	2	4763	2004	2005
7915	9	10603	1904	1904
3592	7	540	1930	1930
727	2	5059	1996	1997
519	7	1425	1951	1951
5080	2	4601	2007	2008
3245	0	1229	1959	1959
6762	5	6763	100	2011
2845	3	5725	1987	2015
3515	8	7698	2009	2021
4449	2	4267	2008	2008
1304	4	1051	2013	2013
198	7	3	2009	2009
4385	2	4509	2005	2008
9046	9	10241	1888	1968
9925	9	9926	335	2013
4964	2	4987	2006	2007
3481	2	4639	2006	2008
7589	7	1272	2016	2016
4271	2	4236	2002	2003
4369	2	4669	2001	2002
9252	9	9253	2015	2015
6820	5	6821	1947	1951
931	0	17	1949	1949
6472	5	6685	1954	2004
932	7	301	2013	2013
3555	0	421	1979	1979
4638	2	4387	2012	2014
1280	0	139	1921	1921
2812	8	7659	1989	1989
2383	9	10186	1974	1978
1169	0	17	1938	1938
5684	3	5377	1987	1991
1805	2	4342	1988	1992
1128	3	5415	1919	1945
897	7	1144	1915	1915
6855	5	6856	100	2017
1379	7	240	1915	1915
2622	1	3846	1793	1793
5909	9	9374	1999	1999
10294	9	10295	2011	2016
2843	4	3807	1989	2014
1757	9	8376	2010	2010
5888	3	5202	2012	2013
4523	2	5081	1993	1995
5316	3	5179	1989	1998
2673	2	4313	2006	2008
579	8	7790	1920	1930
3240	2	4661	2008	2009
4067	1	4068	1943	1972
4771	2	4509	2007	2009
2565	3	5364	2002	2009
4467	2	4853	2004	2006
5564	3	5485	2005	2008
2462	2	4350	2010	2010
315	9	8460	2013	2015
2029	2	4388	2010	2011
3407	7	57	2012	2012
257	0	258	1979	1979
4822	2	5116	1990	1995
1605	7	1478	2015	2015
3174	1	4163	2008	2008
6028	7	2521	1963	1963
7369	5	7370	999	1957
1688	3	5221	1946	1954
7775	8	7829	1991	1991
2251	9	8141	1973	2016
1876	4	3742	2014	2014
1594	9	9990	1981	1981
653	0	17	1961	1961
1559	4	1467	1972	1985
5308	3	5271	2004	2016
590	4	574	2017	2017
3207	0	81	1912	1912
5900	3	5755	2007	2007
9325	9	9326	1975	1995
2423	0	83	1938	1938
3610	6	3957	1944	1980
1386	0	648	1903	1903
2611	0	681	1950	1950
7882	9	7883	2005	2005
44	0	45	1971	1971
193	7	103	2003	2003
4514	2	4324	2003	2004
2326	4	919	2009	2009
1684	4	918	1953	1957
3090	2	4378	1997	1999
4367	2	4272	1993	1993
2177	2	5143	2007	2009
3805	8	7659	2011	2015
1916	4	2710	2005	2005
3575	3	5377	1927	1932
5092	2	4979	2000	2001
3385	8	7664	1985	2017
2011	0	1026	1919	1919
3738	0	624	1927	1927
7770	8	7680	1848	1854
943	4	2906	1952	1957
881	3	5261	1886	1901
2180	8	7654	1988	1989
244	4	3380	1998	2015
572	1	3881	1995	2002
1434	0	39	1977	1977
4576	2	4329	2002	2004
5484	3	5485	1949	1977
1633	8	7691	1903	1909
3137	4	2331	2008	2011
4745	2	4428	2002	2003
3360	0	2525	1925	1925
7566	9	10262	2004	2004
8347	9	8544	1913	1913
340	9	10021	1951	1957
80	0	81	1951	1951
9157	9	9158	360	2012
4671	2	5132	2009	2010
3152	2	4273	2010	2013
1267	3	5389	1970	1971
8826	9	8135	2006	2021
270	0	75	1929	1929
4260	2	4929	1991	1993
1010	4	6198	1959	1969
5705	3	5172	1989	1999
5748	7	674	2017	2017
4007	1	3894	1974	1980
1800	6	4066	1975	1977
1991	8	7654	2009	2009
5002	2	4590	2009	2010
3725	2	4696	2002	2004
6276	4	1891	1972	1989
6088	7	168	2010	2010
4421	2	4596	1995	1996
7092	5	7093	1967	1967
873	8	7670	1997	2005
4643	2	4240	2007	2009
522	0	67	1861	1861
2397	4	315	2009	2009
498	0	499	1978	1978
3607	4	2473	1959	2008
3640	4	2811	2000	2000
3854	1	3890	1961	2019
4247	2	4356	2012	2013
4300	2	4632	2006	2013
3039	2	4712	2005	2006
1793	3	5195	1939	1949
2814	1	4192	2007	2013
1602	1	4137	2001	2002
715	0	3	1944	1944
2412	0	1667	1804	1804
578	0	424	1987	1987
2259	0	28	1947	1947
4446	2	5046	2010	2011
6521	5	6522	1924	1929
1643	4	2193	1985	2021
5438	3	5169	1986	1986
2001	3	5367	1909	1910
2110	4	875	1977	1986
160	2	4487	1999	2000
673	7	71	1975	1975
2496	9	9449	2005	2006
3386	2	4735	1995	2002
7000	5	7001	100	2016
3016	3	5160	2013	2014
6680	5	6681	2013	2013
1511	0	103	1895	1895
1284	0	139	1921	1921
5041	2	4855	2015	2015
3189	0	2525	1959	1959
6323	5	6635	2000	2010
3320	4	1737	2014	2014
393	4	2898	2014	2014
5891	3	5309	2017	2017
2788	4	1088	2002	2002
2104	4	755	2001	2006
3888	6	7441	1990	1997
8935	9	8936	1975	1977
6480	5	6459	2007	2007
4656	2	4951	2012	2012
3773	4	3106	2016	2016
3996	3	5177	1996	2009
5374	3	5179	1974	1977
1851	4	3308	2007	2007
2698	8	7742	1920	1938
7440	7	1065	1989	1989
2365	0	139	1919	1919
2720	0	101	1925	1925
2803	0	139	1965	1965
2032	6	3848	1978	1984
3174	0	295	1928	1928
1227	6	3813	1972	1972
5715	3	5437	1993	1994
2338	2	4837	2008	2009
8939	9	8686	1926	2012
837	0	838	1928	1928
2609	8	7720	1989	1990
7151	5	7152	2017	2017
4665	2	4277	2009	2011
2057	1	3824	1968	1979
4927	2	4837	2009	2009
1363	6	3848	1950	1954
897	6	3884	1889	1915
4516	2	4591	2002	2004
2259	6	3967	1969	1971
687	3	5607	1971	1972
3695	3	5382	1961	1961
1550	2	4624	2006	2009
6147	7	7517	1973	1973
219	2	4702	1992	2002
7757	8	7684	1909	1917
4288	2	4813	2016	2016
10	2	4240	1995	2001
7512	8	7659	2001	2001
107	0	83	1889	1889
6379	5	6380	1999	2007
7822	8	7677	1917	1931
2270	9	9222	1990	1990
1679	2	4264	2001	2001
5698	3	5505	1962	1990
5687	3	5208	1993	1993
2385	3	5595	1992	1996
4241	2	4603	2017	2021
10194	9	10195	1932	1934
6511	5	6512	2010	2010
4905	2	4277	1996	2001
3154	9	8212	1974	1974
6051	7	79	1979	1979
1402	0	1403	1936	1936
8000	9	8001	2016	2016
8006	9	8007	1935	1963
3147	2	4272	2001	2002
6140	4	6139	1891	1907
2824	0	79	1933	1933
4916	2	5067	2003	2004
1298	7	57	2001	2001
1996	4	1147	1969	1976
1152	2	4818	2005	2006
760	7	139	1967	1967
7424	5	6535	2007	2014
5835	3	5188	1994	2016
7135	5	7136	1925	1937
8910	9	8911	1954	1954
2228	0	111	1970	1970
9601	9	7942	2012	2012
4852	7	1266	1917	1917
4681	2	4799	2014	2015
1448	7	1144	1859	1859
2678	0	103	1902	1902
2743	8	7659	1994	1994
2036	0	402	1940	1940
872	1	4085	1949	2000
7546	8	7665	1917	1917
1334	0	1335	1930	1930
208	0	17	1844	1844
1027	0	1028	1983	1983
4298	2	4445	2001	2006
1578	0	139	1937	1937
306	3	5881	1981	1993
4248	2	4705	2004	2004
9095	9	9096	1987	1988
6237	7	168	1987	1987
7826	8	7677	1917	1931
8292	9	8293	2017	2017
90	2	4486	2014	2014
1394	4	2088	1989	1999
2678	7	103	1959	1959
1960	3	5181	1968	1984
2969	2	4454	2007	2008
6955	5	6956	1921	1922
5627	3	5527	2001	2003
7771	8	7665	1904	1917
2943	4	3015	2012	2012
3835	1	3865	1967	1976
3350	0	139	1914	1914
699	3	5378	1988	1991
1146	7	667	1931	1931
2024	7	163	1988	1988
3343	0	1723	1953	1953
2136	6	3813	1965	2017
8399	9	8400	1993	1993
412	7	1493	1958	1958
10060	9	10061	1979	1979
5763	3	5682	1983	2000
4499	2	4277	2009	2012
7226	5	7208	999	2021
33	3	5746	1985	1988
1371	0	79	1985	1985
2022	7	1437	1975	1975
6899	5	6900	2019	2019
5704	3	5800	2002	2006
4516	2	4688	2007	2009
2595	7	1303	1811	1811
4569	2	4756	2008	2008
2668	0	308	1944	1944
6019	4	2137	1922	1973
2981	3	5206	1958	1960
2931	4	2547	2004	2012
4531	2	4532	2002	2002
813	2	4542	2000	2002
5301	3	5261	1993	1998
6323	5	6324	1997	2005
9877	9	9878	2006	2012
7549	8	7753	1924	1946
3253	0	187	1906	1906
6310	4	6309	1925	1930
4239	2	4290	2007	2008
8595	9	8596	2014	2014
391	4	1438	2010	2010
6411	5	6412	100	2015
9153	9	9154	1999	1999
528	6	4083	1962	1966
1710	4	3313	2000	2000
1613	2	4607	2000	2001
1132	4	2231	2000	2015
4263	2	4577	2008	2008
425	4	3475	1996	2012
899	3	5199	1979	1980
4527	2	4626	2012	2012
839	6	3884	1956	2018
5853	3	5596	2016	2016
2493	2	4574	2004	2007
1168	8	7684	1910	1914
684	0	685	1943	1943
1500	7	30	1983	1983
867	8	7652	1931	1943
9935	9	9936	393	1967
967	3	5256	1925	1926
3905	1	3943	1920	1933
2666	3	5185	2012	2012
4943	2	4661	2004	2005
3680	8	7686	2007	2019
8848	9	8849	1860	1861
4948	2	5065	2006	2011
4886	2	4370	1990	1995
7497	8	7659	1953	1995
2336	3	5209	1956	1966
5461	3	5460	1966	1968
4862	2	4567	2004	2005
2091	3	5186	1990	1990
471	0	139	1954	1954
943	7	139	2003	2003
4058	1	4059	1983	1989
1051	0	1052	1975	1975
4375	2	4994	2016	2016
1409	2	4648	1997	1999
1465	4	1201	1985	2004
7483	7	249	2012	2012
2405	4	443	1958	1985
1523	0	57	1949	1949
2148	6	3987	1986	1989
4695	2	4310	2004	2007
2621	4	1662	1980	1980
1119	4	1882	1968	1968
3068	3	5181	1989	1993
2333	6	3813	1990	1992
926	4	1885	2013	2013
3580	8	7653	2000	2000
1408	0	240	1931	1931
4851	2	5021	2016	2016
1663	4	3271	2007	2007
1096	0	89	1937	1937
6870	5	6871	2015	2015
2656	4	2989	1968	2001
5588	3	5305	1922	1923
4665	2	4327	2005	2006
537	8	7827	1933	1945
5318	3	5256	2010	2013
7527	8	7659	1864	1910
6017	7	1674	1979	1979
1306	2	4637	2003	2006
4857	2	4651	1994	1997
4139	7	2875	2003	2003
7763	8	7731	2001	2012
1846	0	101	1938	1938
4850	2	4456	2000	2001
1242	2	4284	2002	2003
5877	3	5755	1982	1984
3091	2	4896	2015	2016
6660	5	6661	2012	2012
2576	4	6124	1956	1982
690	7	940	2016	2016
3792	4	3454	1995	1995
1913	3	5172	1968	1981
3447	0	299	1943	1943
2607	8	7657	2007	2012
5946	3	5858	1973	1982
651	4	2818	2012	2012
7163	5	6505	2006	2008
1594	7	1478	2004	2004
633	8	7672	1979	1989
1019	2	4310	2010	2011
5590	3	5325	2006	2007
1972	4	2841	1924	1970
1003	7	555	2007	2007
768	4	871	1966	1975
493	0	71	1946	1946
2054	2	5109	2007	2009
10476	9	10477	1914	1942
6298	7	139	1989	1989
4278	2	5098	2013	2015
660	3	5520	2000	2001
6088	4	3302	1960	1992
3007	0	145	1918	1918
4453	2	4341	2015	2016
4076	1	3870	1955	1959
7537	7	540	1855	1855
4433	2	4776	2011	2012
5860	3	5184	1929	1959
8717	9	8718	2000	2002
790	8	7659	2014	2014
7476	6	3884	1923	1954
5314	3	5179	2012	2012
2700	0	273	1951	1951
8151	9	8152	1977	1978
3612	2	4293	2011	2012
4343	2	4626	2013	2014
3524	0	105	1945	1945
5741	3	5179	2005	2011
2478	4	3550	1954	1974
2181	3	5543	1993	1993
3565	2	4348	1991	1992
5440	3	5261	2017	2017
989	3	5246	1987	1989
819	2	4930	2007	2009
2445	3	5224	1885	1886
947	8	7654	2016	2016
4996	2	4458	2005	2012
3530	2	5012	1998	1999
3491	0	139	1969	1969
4300	2	4329	2014	2015
1296	8	7659	1854	1874
8085	9	8086	2014	2009
609	8	7668	1982	2008
1167	0	63	1921	1921
8560	9	8561	2004	2004
4746	2	4747	2014	2015
5518	3	5179	1965	1973
4581	2	4240	1989	1995
1784	8	7739	1980	1985
2581	2	4984	2006	2008
5935	3	5400	1987	2001
3068	0	9	1917	1917
3810	1	3811	1970	2014
1514	0	217	1945	1945
9206	9	9207	1874	1907
9789	9	9790	1999	1999
2699	4	1738	1933	1989
2509	0	13	1940	1940
2001	3	5177	1903	1904
980	2	4737	1996	1998
5466	3	5195	1934	1940
831	2	4425	2007	2009
271	8	7778	2000	2000
4867	2	4422	2014	2015
5570	3	5535	2005	2016
4247	2	4236	1998	1999
2542	0	67	1811	1811
4302	2	4315	2008	2009
969	0	199	1904	1904
406	7	2086	1980	1980
7635	9	10339	2008	2008
10412	9	10413	2014	2014
4379	2	4946	2016	2016
8147	9	8148	2010	2010
8170	9	8171	1885	1909
1022	4	3149	1998	2009
1861	4	3230	1969	2019
4462	2	4753	2009	2009
7169	5	7170	1866	1870
3171	3	5641	2000	2003
2528	2	5060	2004	2007
1087	1	3938	1921	1926
4580	2	4348	1996	1998
1699	8	7735	1992	1992
1585	3	5288	1980	1990
3660	0	28	1951	1951
1397	0	390	1960	1960
2612	4	2235	1972	1972
9109	9	9110	1989	1989
1183	7	168	2001	2001
1748	2	4552	2012	2012
1079	2	5027	1980	1985
5376	3	5596	1911	1923
6558	5	6792	2003	2006
6193	4	545	1997	2004
3482	0	1052	1950	1950
3011	4	6146	1962	2001
5955	3	5252	1959	1959
813	2	4846	1996	2002
4812	2	4885	2005	2005
2962	0	139	1931	1931
9310	9	10047	1948	1952
2384	6	4137	1951	1957
2254	9	9879	1994	1997
121	0	83	1929	1929
3459	0	43	1980	1980
1658	0	1659	1917	1917
3170	7	103	2016	2016
2888	4	2566	1992	1999
6073	7	295	1962	1962
7443	6	7430	1966	1968
5684	3	5179	1946	1963
3561	3	5729	2007	2007
5222	3	5221	1990	2011
813	2	4999	2008	2009
2911	0	247	1845	1845
3048	7	168	2015	2015
5851	9	7914	1982	1983
1768	9	8860	1966	1966
2462	2	4919	2011	2012
5014	2	4236	2001	2001
2704	2	4726	2006	2006
3135	0	701	1918	1918
7328	9	8238	2017	2017
1314	0	101	1892	1892
5708	3	5215	1998	2004
3173	0	83	1949	1949
2132	0	2133	1923	1923
7467	6	3865	1994	1997
3356	7	1478	1992	1992
4554	2	4686	2001	2004
451	4	1608	1966	2017
14	4	6268	1968	2001
2832	0	301	1990	1990
8250	9	7993	1999	2001
256	8	7657	2015	2016
3667	0	388	1856	1856
1813	8	7749	1985	2015
4336	2	4504	2010	2010
1892	4	327	2007	2020
2489	4	6046	1991	2015
2916	6	7427	1989	2001
2651	8	7659	1962	2001
5975	4	3172	1961	1965
2085	2	4487	1993	1997
3493	0	247	1941	1941
972	0	779	1897	1897
5930	3	5274	1921	1923
9770	9	8886	1930	1954
5631	3	5184	1963	1979
12	0	13	1983	1983
9656	9	9657	2011	2013
1009	4	2902	1920	1957
3357	4	2570	1987	2012
5385	3	5198	1961	1967
649	8	7697	1916	1938
3414	0	3415	1924	1924
5617	3	5261	1999	2000
3503	0	30	1916	1916
3717	2	5089	2003	2004
9631	9	9632	1991	1996
3600	0	323	1972	1972
6676	5	7415	100	2018
4332	2	4472	2014	2014
5347	3	5193	1994	2008
3835	6	4180	1957	1959
3654	1	3828	1960	1969
2727	3	5181	1944	1948
3053	7	168	1974	1974
1121	0	217	1931	1931
2752	6	3814	1974	1976
4960	2	4733	2003	2004
829	0	101	1953	1953
8021	9	9365	1975	1981
1913	3	5181	1981	2000
3091	2	4506	2016	2016
9721	9	9722	1991	1999
483	7	1385	1985	1985
2214	0	852	1965	1965
676	4	2434	1960	1986
2894	8	7653	1828	1873
2083	3	5198	1992	1994
1689	6	3957	1933	1989
3115	3	5325	1998	2000
2419	0	1324	1987	1987
1688	0	67	1889	1889
4381	2	4382	2008	2009
3487	0	381	1889	1889
683	3	5220	2000	2007
9419	9	9420	1905	1991
5320	3	5535	2015	2016
1748	2	4283	1998	2001
5749	3	5339	1946	1947
5411	3	5464	1998	1999
4533	2	4501	2008	2008
937	2	4986	2003	2005
3396	2	4494	2012	2012
1117	4	5984	1171	1171
2963	0	424	1979	1979
1600	0	13	1967	1967
1624	0	589	1973	1973
3378	4	6125	1966	1994
2372	4	6107	1965	1987
5606	3	5367	1961	1977
6498	5	6715	2006	2006
755	4	2104	2001	2006
4316	2	4685	2006	2008
1776	4	3455	1977	1977
4744	2	4629	2009	2010
1727	3	5732	1970	1978
2849	2	5098	2009	2010
5401	3	5172	1974	2015
2593	0	83	1891	1891
5255	3	5387	1998	2001
458	7	402	1962	1962
4351	2	4352	1999	1999
2300	2	4333	2000	2003
1379	4	6064	1872	1915
5911	3	5339	2014	2014
1854	3	5261	1893	1893
2493	0	806	1988	1988
2682	8	7785	1987	1998
6292	4	1471	1945	1948
746	4	1838	1983	2021
10202	9	10203	2012	2018
937	2	5004	2001	2001
4597	2	5124	2008	2011
5575	7	7496	2000	2000
2467	7	168	2005	2005
1509	2	4641	2008	2008
2631	2	4492	2011	2014
4791	2	4259	2002	2005
1765	2	4394	2012	2013
2887	4	2742	2005	2010
6383	5	6634	100	2004
3298	4	2779	2010	2016
5267	7	258	1994	1994
4516	2	4485	2004	2007
156	0	157	1987	1987
10385	9	10386	1843	1849
6208	4	2043	1985	1988
4788	2	4596	1986	1987
9592	9	9593	2010	2012
10043	9	10044	1990	2004
2672	0	17	1952	1952
3151	0	7	1901	1901
7605	7	390	2012	2012
1822	4	1159	1994	2004
2360	3	5382	1956	1968
4402	2	5017	2003	2003
2869	0	533	1889	1889
6055	4	2722	1951	1971
4805	2	4466	2015	2016
4534	2	4853	2004	2005
5430	3	5177	2007	2007
4625	2	5132	2004	2006
4009	1	4191	2012	416
8905	9	8906	2016	2016
637	9	9855	1940	1940
915	0	20	1907	1907
1377	7	1118	1211	1211
4935	2	4787	2000	2000
7557	7	295	2000	2000
7751	8	7752	1994	2009
10474	9	7875	2008	2011
2291	0	667	1940	1940
5861	3	5858	2010	2017
6751	5	7334	1854	1872
5849	3	5410	2002	2002
7637	9	9510	1936	1936
2797	9	7988	1967	1969
5438	3	5321	2010	2011
5766	3	5428	1963	1988
1216	3	5600	2014	2016
5427	3	5751	1970	1978
8963	9	8964	1987	1987
2336	3	5165	1972	1973
2717	0	1844	1931	1931
7563	9	9183	1962	1962
4243	2	4384	2011	2012
5965	3	5602	1975	2004
6321	5	6322	100	1999
3517	4	965	1952	1954
3508	0	139	1910	1910
1414	9	10285	1994	1994
2098	6	7428	1911	1967
2830	0	101	1885	1885
4082	3	5342	1999	2010
375	4	2467	1943	1950
1232	4	1760	1966	1966
4543	2	4341	2015	2016
5499	3	5483	2016	2016
4750	2	4751	2003	2005
3678	0	55	1960	1960
1516	9	8237	1973	1973
3580	8	7659	2002	2010
3127	0	898	1884	1884
3678	4	3655	1986	1991
1014	0	308	1975	1975
1321	0	542	1907	1907
3970	1	4203	1939	1945
656	1	3848	1962	1974
171	3	5343	1980	2013
3798	0	738	1848	1848
3029	9	9359	1966	1966
5265	3	5220	1979	1981
5253	3	5275	2013	2013
1139	0	125	1922	1922
1018	0	240	1955	1955
1414	0	139	1922	1922
8665	9	8666	1976	1993
3440	8	7853	1978	1981
4398	2	4430	1997	1999
5251	9	9550	1975	1976
1613	2	4593	2000	2000
1125	6	7427	1874	1891
2591	9	9680	1959	1966
1051	4	1304	2013	2013
203	0	139	1965	1965
6513	5	6514	2015	2018
4241	2	4460	2015	2016
6705	5	6466	1984	1998
2175	0	301	1921	1921
7485	9	9644	1976	1976
3623	7	605	1997	1997
2076	2	4422	2013	2016
6914	5	6750	1958	1960
5872	3	5172	1966	1968
3727	4	272	2004	2021
2784	0	139	1925	1925
473	4	3491	2001	2007
9585	9	9424	1999	2001
5036	2	4847	2016	2016
4092	1	4093	2015	2015
10	2	5081	2004	2005
1854	7	738	1907	1907
2409	0	258	1929	1929
2995	4	1695	1980	2019
6135	4	6136	1953	1960
7508	8	7665	1906	1917
6256	7	168	2003	2003
3844	1	3831	1971	1983
4451	2	4559	2006	2009
4453	2	4757	2003	2004
7934	9	7935	2017	2017
4990	2	4806	2001	2005
3336	3	5172	2011	2011
3657	4	320	1975	2018
5159	7	330	1955	1955
4415	2	5144	2005	2006
4628	2	4629	2012	2013
3629	0	435	1874	1874
1701	3	5378	1966	1968
8971	9	8972	2017	2017
4367	2	4348	1987	1988
2114	8	7656	1982	1987
593	0	199	1897	1897
567	5	7134	1903	1907
8856	9	8857	2013	2013
108	3	5221	1961	1961
5978	4	5977	1947	2014
462	8	7654	1991	2011
1852	0	9	1870	1870
2036	8	7764	1979	2011
4090	9	9004	1992	2005
4104	1	4037	1956	1960
4548	2	4285	2011	2012
7122	5	7085	2015	2015
1595	7	597	1963	1963
1430	9	8094	1888	1906
5839	6	3870	1981	1998
362	0	103	1914	1914
1758	2	4504	2012	2013
2650	4	933	1991	2001
146	0	147	1914	1914
2261	4	1186	2003	2018
3761	3	5268	1965	1968
1676	0	1324	1926	1926
300	2	4512	2010	2013
4328	2	4350	2010	2011
1765	2	4557	2011	2011
1810	8	7659	1984	1994
1434	2	4549	1995	1996
6152	4	6151	1924	1957
3013	0	79	1973	1973
793	0	89	1840	1840
3345	4	138	1959	1978
4404	2	4431	2007	2007
7556	7	139	1868	1868
2849	2	5064	2008	2008
7831	8	7683	2007	2020
4243	2	4324	2005	2005
4745	2	5024	2005	2007
4302	2	4670	2003	2004
2868	0	1292	1927	1927
9625	9	9626	2012	2012
3344	7	103	2001	2001
3286	0	2688	1935	1935
878	7	740	1840	1840
844	2	4339	2000	2003
1891	7	2799	1989	1989
6980	5	6944	1996	2000
5617	3	5667	2000	2002
6625	5	6626	1939	1941
824	0	139	1908	1908
1096	4	3547	1959	1989
4765	9	7890	1988	1993
1524	3	5307	1994	1998
3989	1	4197	2012	2012
7543	8	7674	1845	1854
3175	0	139	1919	1919
2369	3	5426	1962	1965
6353	9	8891	2005	2014
4245	2	4246	2009	2010
4673	2	5079	2002	2002
1548	0	101	1944	1944
4861	2	4601	1996	1997
3504	7	79	1982	1982
4185	3	5310	1952	1999
3145	0	139	1934	1934
2061	3	5228	1977	2004
7857	8	7683	2007	2020
322	0	323	1988	1988
436	8	7730	2004	2015
835	7	721	1934	1934
8201	9	8202	2011	2011
284	0	285	1959	1959
2874	4	6100	1986	1990
6748	5	6749	2006	2006
4507	2	4610	2003	2004
7306	5	6775	2016	2016
3180	3	5166	1996	1999
733	0	139	1932	1932
2018	4	1039	1975	1993
5615	3	5339	1998	2002
5002	2	4910	2013	2015
3072	0	285	1949	1949
5272	3	5239	1996	1997
10092	9	10093	1831	1901
3567	3	5269	1929	1967
6672	9	9914	2005	2016
4905	2	4492	1992	1996
130	2	4956	2007	2009
4536	2	4487	2014	2015
3654	0	30	1918	1918
5926	9	10192	2000	2003
3421	7	555	1877	1877
1339	0	1340	1950	1950
3090	2	4476	1992	1995
1446	4	1406	1991	1999
3531	9	8551	1990	1997
1079	2	4731	1996	1997
9071	9	9072	1990	1960
4775	2	4317	2002	2005
5572	7	2865	1949	1949
706	0	26	1975	1975
409	0	410	1943	1943
2406	0	589	1941	1941
434	0	435	1960	1960
2093	8	7654	2013	2015
7515	9	9713	1882	1883
401	4	3026	1990	1998
1236	2	5140	2015	2016
5180	3	5812	2010	2010
4844	2	4734	1995	1997
338	4	3282	1989	1993
4805	2	4538	2009	2009
3799	8	7677	1916	1931
2327	3	5658	2005	2012
1422	0	103	1951	1951
5650	7	243	1920	1920
8527	9	8528	2007	2007
1634	0	137	1921	1921
355	4	3158	1968	1980
4332	2	4936	2012	2013
2617	3	5725	1975	2015
7283	5	7284	2016	2016
4697	2	4447	2007	2007
3905	3	5261	1926	1929
5969	6	3924	1979	1982
961	3	5380	1960	1973
4749	2	4487	2008	2009
5526	3	5494	1812	1813
3081	4	352	1922	1926
9163	9	9164	2013	2013
5042	2	5003	2014	2014
3386	2	4966	2009	2012
4836	2	4284	2002	2003
8151	9	9737	2005	2005
7061	5	7064	100	2017
1166	7	99	1920	1920
1231	4	6251	1937	1955
1890	0	744	1956	1956
6676	5	6677	100	2017
5888	3	5921	2012	2013
2795	2	4634	2009	2010
235	4	2801	1924	1932
10177	9	10178	1828	1843
2079	2	4899	2013	2015
5588	3	5177	1923	1926
3916	1	4034	2010	2010
6164	7	346	1996	1996
5848	3	5546	2003	2007
291	2	4701	2010	2012
2860	2	4485	1995	1996
5916	9	10309	2013	2013
5556	3	5391	1946	1946
7854	8	7684	1909	1917
5329	3	5824	2009	2014
4566	2	4567	1996	2002
2251	9	9793	1971	1971
9531	9	9532	2013	2013
2376	4	180	1955	1969
7126	5	6421	2003	2004
3404	0	273	1919	1919
2386	7	7548	2011	2011
160	2	4793	2013	2014
4365	2	4240	1994	1997
378	0	379	1967	1967
778	2	4702	2014	2015
5347	3	5177	2008	2020
6216	4	2352	1977	1981
2331	0	386	1975	1975
3139	3	5532	2008	2013
1317	4	3305	2015	2015
4665	2	4773	2003	2006
9231	9	9232	2015	2015
4927	2	4283	1999	2002
3926	6	3872	1973	1977
1136	1	3831	1982	2005
629	4	2996	1993	2018
481	8	7668	1995	2015
2204	0	1130	1908	1908
5939	3	5179	1935	1946
3974	1	4071	1998	2002
1795	3	5339	1998	2016
1334	4	6094	1955	1974
2496	7	139	2011	2011
4383	2	4776	1991	1992
1544	4	1983	1945	1993
7641	8	7663	1799	1828
2998	2	4629	2002	2004
3160	2	4335	2013	2013
4599	2	4596	2006	2008
4300	2	4290	2007	2008
7557	8	7672	1950	1990
2236	0	71	1942	1942
4707	2	4629	2005	2007
7537	8	7674	1825	1856
1056	2	4345	2016	2021
7624	7	346	1960	1960
7100	5	7101	2017	2017
7443	6	3924	1977	1977
2850	0	1458	1942	1942
9036	9	9037	2014	2009
603	3	5771	1968	1969
5148	2	4931	2014	2014
5841	3	5486	1995	1999
5433	3	5179	1959	1960
4864	2	4740	2009	2010
2577	0	459	1931	1931
2230	7	210	2015	2015
2558	8	7820	1994	1994
1764	0	79	1942	1942
6056	7	139	1992	1992
418	0	419	1910	1910
4666	2	4703	2003	2003
7626	7	295	1941	1941
312	4	1954	1984	2010
630	0	631	1970	1970
1150	9	9858	1873	1885
5530	7	456	1980	1980
3733	3	5775	2007	2007
527	2	4238	1992	1993
7565	7	3098	1937	1937
4840	2	4357	2004	2007
2242	0	295	1913	1913
6136	7	555	1984	1984
682	2	4378	1979	1982
3144	0	1071	1952	1952
5908	3	5179	1992	2011
6079	4	3119	2013	2017
521	2	4368	2013	2014
5226	3	5191	1984	1988
4316	2	4323	2002	2004
576	3	5269	1991	2018
1242	2	4486	2012	2013
385	0	386	1934	1934
491	4	1781	1955	1960
429	2	4342	2016	2016
354	0	67	1941	1941
3279	0	13	1953	1953
1126	0	798	1922	1922
1916	0	555	1970	1970
4474	2	4796	2000	2001
4459	2	4348	2001	2002
2310	0	555	1951	1951
1127	2	4323	2002	2003
737	3	5360	1994	1997
7702	8	7811	1994	2002
2425	0	2426	1937	1937
4404	2	5102	2009	2011
1258	7	67	1844	1844
500	4	3085	1920	1935
3355	0	139	1937	1937
8499	9	9672	1991	1996
494	4	3128	1941	1948
5201	7	71	2015	2015
4402	2	4871	2003	2004
4934	2	4238	1995	1998
4829	2	4339	2007	2009
1821	0	89	1955	1955
3984	3	5389	1972	2012
4791	2	4539	2010	2014
3758	2	4364	2000	2001
1247	0	79	1919	1919
1741	0	139	1964	1964
517	3	5319	1978	1980
4543	2	4544	2011	2011
7634	8	7659	1857	1888
8427	9	8428	1931	1931
3193	3	5423	1988	1988
2217	2	4837	2010	2012
4038	3	5322	1955	1963
1078	0	111	1971	1971
4292	2	4513	2004	2004
4958	2	4959	2003	2007
893	3	5271	2004	2016
1885	4	926	2013	2013
5937	3	5673	1998	1999
1602	0	1603	1971	1971
3254	3	5477	1993	1993
339	0	103	1975	1975
1795	3	5172	1988	1998
4080	1	3823	1993	2007
9519	9	9520	2011	2011
6413	5	6414	100	2018
870	7	605	2016	2016
1785	8	7677	1928	1931
5850	3	5479	1926	1934
7589	8	7731	1992	2013
4905	2	4513	2001	2004
4415	2	4655	2007	2010
4126	3	5179	1942	1956
4861	2	4992	1998	2000
2263	0	290	1928	1928
10357	9	10358	1489	1499
2352	4	6138	1947	1977
3193	3	5335	1950	1988
6546	5	7214	1948	1966
1488	4	6231	1950	2009
6437	9	8630	2017	2017
7600	8	7654	1909	1935
3333	6	7455	1954	1961
2346	6	7442	1984	2022
5819	6	3924	1940	2005
322	2	4504	2006	2008
3090	2	4977	1996	2000
2151	4	1527	1921	1961
2387	0	83	1916	1916
7754	8	7701	1981	1988
5948	3	5725	1924	1924
1759	2	4925	2013	2014
601	0	602	1950	1950
8044	9	9416	1991	1992
3409	4	1618	1944	1950
4668	2	4475	2013	2016
3602	0	674	1940	1940
2858	7	1667	1998	1998
3431	0	1953	1944	1944
846	2	4386	2003	2004
1442	0	168	1955	1955
2293	0	139	1945	1945
3014	9	8245	1934	1974
3322	4	2538	2014	2014
5393	3	5224	1964	1989
4791	2	4281	2005	2006
1701	7	71	1968	1968
2192	3	5227	2009	2016
846	2	4685	2003	2003
5630	7	105	2004	2004
3737	0	139	1906	1906
4074	1	4121	2000	2000
6217	7	55	1935	1935
3118	3	5809	2003	2009
3725	2	4577	1991	1993
4507	2	4779	2013	2014
3905	7	1667	1955	1955
2341	8	7677	1917	1943
4595	2	4734	1988	1998
3120	3	5212	2001	2001
3432	0	139	1958	1958
3002	4	558	2016	2018
7540	8	7724	1921	1932
6148	4	1852	1910	1933
1780	8	7708	2001	2003
3676	9	8062	2003	2005
3638	4	2318	2010	2010
1729	9	10077	1949	1949
1838	4	746	1983	2021
2991	2	4443	2002	2004
5306	3	5490	2015	2015
1185	2	4589	2002	2002
252	3	5268	1984	2011
4964	2	4344	2014	2017
10597	9	8835	1999	1999
5226	3	5172	1969	1977
5127	2	4389	2003	2006
3166	3	5682	1967	1979
298	9	8838	1724	1806
7825	8	7652	1931	1945
968	7	424	1992	1992
2386	0	67	1927	1927
4082	1	3924	2010	2010
5761	3	5377	1981	1992
1789	8	7664	1945	1977
6278	4	1658	1959	1966
9147	9	9148	2011	2012
3092	8	7677	1917	1922
8374	9	8574	1989	1999
1933	3	5179	2012	2012
2221	4	3492	1930	1932
4440	2	4441	2002	2003
3512	8	7670	1998	2007
1730	7	985	1961	1961
683	3	5169	1990	2000
10486	9	10487	1961	2004
2007	4	431	1998	2020
6428	5	6697	1998	2010
7094	5	7095	1994	2000
396	0	101	1878	1878
4307	2	4848	2006	2006
5805	3	5179	1954	1958
3517	0	1142	1922	1922
4351	2	4806	2001	2001
7518	7	806	2017	2017
1219	0	877	1922	1922
227	0	228	1962	1962
2017	2	4503	2007	2008
8994	9	9540	1996	1996
2866	0	96	1921	1921
6865	5	6866	1993	2001
934	0	935	1937	1937
4423	2	4989	2002	2003
7844	8	7681	1904	1909
5613	3	5172	1979	1993
2372	7	555	2014	2014
927	6	7425	1966	2003
1627	4	1917	1963	1976
5952	3	5953	1954	1999
7526	8	7653	1828	1856
3068	3	5172	1985	1989
4269	2	4633	200	2005
3180	7	470	2009	2009
5280	3	5220	1965	1966
5866	7	975	2005	2005
4423	2	4621	2007	2009
7252	5	6981	1974	1974
2752	0	139	1952	1952
5614	3	5179	1960	1975
10419	9	10420	2016	2016
3972	1	3870	1998	2020
4917	2	4430	2009	2006
1391	3	5356	2008	2013
2936	0	501	1876	1876
3410	7	2688	1995	1995
2551	3	5377	1910	1954
1046	0	1047	1935	1935
2911	8	7681	1901	1909
4784	2	4725	2012	2014
3739	0	139	1906	1906
2502	0	145	1977	1977
3222	2	4452	2006	2010
671	0	672	1917	1917
7217	5	6777	1956	1968
7623	8	7677	1917	1931
238	9	9880	1988	2012
2105	3	5256	1907	1912
5982	4	5983	1943	1962
2388	0	30	1907	1907
1404	3	5179	1952	1954
5902	3	5264	1946	1963
2560	0	533	1942	1942
1235	0	149	1892	1892
2206	9	9296	2016	2016
10242	9	10243	1922	1928
1394	0	279	1965	1965
2467	0	139	1915	1915
5660	3	5179	1986	1986
733	4	6044	1980	1994
4826	2	4397	2007	2008
5828	3	5208	1977	1988
1219	7	399	2005	2005
5653	3	5221	1963	1965
1613	2	4303	2007	2009
506	0	507	1981	1981
3192	0	424	1979	1979
1510	8	7652	1931	1934
2103	0	143	1920	1920
5720	7	806	1993	1993
868	6	4083	1991	2015
1827	2	4637	2009	2012
8494	9	8839	2011	2011
4852	2	4773	1898	1917
1250	0	111	1962	1962
1642	0	139	1909	1909
1360	0	1361	1944	1944
5189	3	5501	1976	1978
1523	9	8037	1978	1978
1515	3	5389	1994	1995
5308	3	5349	2004	2004
2626	2	5100	2009	2015
675	0	277	1921	1921
4578	2	4845	2015	2016
5584	3	5583	1948	1949
2115	9	7950	1978	2008
2343	8	7653	1999	2007
10493	9	10183	1958	1963
8488	9	8489	2000	2000
4243	2	5136	2014	2014
3083	9	8192	1971	1971
6788	5	6789	1999	2005
3676	9	8924	2015	2015
2435	0	597	1963	1963
8353	9	8354	1999	2000
2509	8	7846	1997	1997
911	1	4202	1784	1800
