6546	5	7329	1948	1956
5931	4	1081	1958	1981
1683	4	12	2011	2020
5999	4	2394	1904	1922
9299	9	9729	2007	2010
989	3	5339	1989	1995
3419	3	5686	1989	2003
882	0	273	1925	1925
5743	3	5179	1995	1997
2423	0	83	1938	1938
6831	5	6832	1923	1948
3628	4	719	1986	1992
4393	2	5087	2006	2007
5711	3	5602	2004	2004
2935	7	11	1935	1935
3390	8	7706	1994	2000
9175	9	9176	2005	2005
2256	0	101	1940	1940
2271	0	2272	1967	1967
5614	7	1361	2006	2006
1774	4	6041	1958	2000
2097	7	1478	1975	1975
6498	5	6715	2006	2006
522	9	7016	2013	2013
8951	9	9430	1989	1990
5884	3	5384	1969	1971
9464	9	8034	2001	2016
2078	0	199	1957	1957
2597	6	3870	1957	2008
1379	4	6064	1872	1915
2380	0	975	1963	1963
850	4	3453	1968	1977
9325	9	9326	1975	1995
8944	9	8945	2016	2016
6487	5	6488	100	1994
8386	9	8387	1981	1981
1152	2	4472	2000	2002
3424	0	310	1926	1926
2976	4	2233	2002	2020
5748	3	5356	2016	2016
3310	0	540	1975	1975
4245	2	4696	2015	2016
3760	0	3	1963	1963
2540	0	101	1946	1946
5708	3	5567	2004	2004
4850	2	4456	2000	2001
3224	2	4596	2006	2006
5345	7	73	1970	1970
5687	3	5330	1993	1993
3625	4	3545	2010	2010
5564	3	5179	1989	2005
5987	4	2837	1967	1976
5447	3	5172	1989	2005
3177	9	10146	1998	1998
5498	3	5307	1904	1907
2338	2	4567	2003	2007
1363	0	139	1927	1927
2075	2	4962	2006	2007
9545	9	9546	2012	2012
3183	0	75	1905	1905
7462	6	7446	1950	2004
1054	9	9501	1950	1950
6805	5	6679	2001	2001
2085	2	5000	2002	2003
5585	3	5177	1939	1946
5572	3	5206	1911	1903
6556	5	6557	1998	2000
5963	6	3979	1989	2012
1359	3	5467	1964	1978
6123	4	1597	1982	2007
8038	9	10532	1980	2015
90	2	4981	2004	2006
6128	4	3163	1970	2007
766	4	3685	1999	2002
2713	4	3284	1960	1978
2100	7	71	2015	2015
6359	5	6360	2001	2013
1059	2	4855	2012	2012
974	3	5172	1974	1977
5276	3	5208	1967	1967
5354	3	5817	2007	2007
2369	3	5426	1962	1965
7920	9	7921	2009	2009
4923	2	4498	2012	2015
4812	2	4240	1999	2001
5549	3	5817	2013	2013
5361	3	5362	1967	1970
3253	0	187	1906	1906
3581	3	5371	2011	2020
4649	2	4422	2012	2015
3575	3	5179	1893	1905
3241	4	6161	1923	1925
5200	3	5177	1906	1910
2752	6	3814	1974	1976
493	0	71	1946	1946
2431	2	4806	2001	2002
2542	8	7680	1848	1854
4516	2	4819	1999	2000
5345	3	5542	1954	1957
3152	0	496	1987	1987
4312	2	4273	2011	2012
4867	2	4830	2007	2008
5780	3	5390	2005	2005
1798	0	424	1986	1986
2170	4	3720	1993	1998
8347	9	8544	1913	1913
1798	2	5104	2013	2014
2422	0	1224	1968	1968
429	2	4430	2016	2017
4679	2	4277	2009	2011
158	0	79	1976	1976
778	2	5118	2011	2014
3596	0	103	1969	1969
9438	9	9439	1887	2011
14	0	15	1914	1914
2189	2	4699	2012	2013
7516	8	7781	1917	1919
5872	3	5682	1932	1964
8757	9	10019	2009	2009
8412	9	8413	2009	2009
263	3	5736	2004	2009
5927	3	5307	2011	2011
1774	7	103	2000	2000
5157	3	5602	2006	2006
1892	0	1287	1970	1970
3466	2	4648	2010	2011
2673	2	4854	2013	2014
2472	0	424	1955	1955
796	0	529	1901	1901
1734	6	7445	1992	2003
1559	4	1467	1972	1985
1857	0	836	1957	1957
827	0	265	1964	1964
2819	9	9383	1980	1987
4563	2	4936	2004	2006
3280	8	7856	2002	2008
6945	5	6946	1911	1918
5601	3	5864	1967	1988
8226	9	8227	1962	225
4340	2	4941	1999	2000
2355	4	930	2000	2014
913	9	8195	1985	1985
6800	5	6801	100	2021
3383	0	1540	1949	1949
6063	4	2830	1916	1918
809	8	7659	1856	1870
2627	1	4004	1988	1999
3090	2	4360	2004	2006
5766	3	5428	1963	1988
10135	9	10136	1932	1986
5898	3	5256	1982	1989
6192	7	1880	2005	2005
1718	0	55	1912	1912
2923	4	1400	2000	2005
1072	2	4348	1989	1990
5756	3	5256	1890	1899
7801	8	7684	1909	1917
1613	2	4686	2002	2003
6546	5	6719	1948	1952
2574	0	386	1945	1945
3758	2	4403	1990	1990
4480	2	4648	2011	2013
671	4	1122	1955	1990
9175	9	9440	2002	2002
6264	7	2004	1980	1980
2598	0	83	1905	1905
4695	2	4337	2013	2015
184	4	3301	1994	2006
2679	0	265	1981	1981
4462	2	4753	2009	2009
1721	0	247	1975	1975
2079	2	4616	2009	2013
4038	3	5322	1955	1963
8038	9	8039	1979	2015
4805	2	4481	2013	2015
6395	5	6675	1999	1999
2083	3	5356	2009	2014
8221	9	8222	2004	2004
673	3	5198	1957	1959
2020	9	9611	2002	2005
10565	9	10566	2006	2009
7786	8	7710	2003	2013
813	2	4542	2000	2002
7160	5	7161	1952	2002
4643	2	4974	2014	2016
2594	4	70	1984	1995
132	2	4733	1999	2000
7854	8	7691	1901	1909
5472	3	5457	1998	1998
8311	9	8312	1827	1827
3829	1	4079	2006	2012
5927	3	5239	2010	2011
3715	3	5548	2008	2013
3367	3	5321	1997	2000
6210	4	1975	1959	1974
2333	6	7454	1974	1978
4953	2	4954	2014	2015
3595	0	664	1932	1932
2917	0	199	1970	1970
2536	9	10082	1978	1978
4647	2	4648	2013	2014
7522	7	770	1946	1946
1602	0	1603	1971	1971
4065	1	4066	2002	2002
10435	9	9217	2007	2010
6604	5	6605	2007	2007
5851	3	5852	2008	2010
385	0	386	1934	1934
1838	4	746	1983	2021
4457	2	4458	2007	2011
4432	2	4521	2002	2005
6211	4	2337	1936	1957
6185	8	7663	1791	1834
5242	3	5172	2004	2006
4964	2	4773	2013	2015
4771	2	4291	2008	2008
6066	4	569	1924	1955
5756	3	5339	1902	1913
3900	1	3823	1962	1968
3233	4	2312	2010	2010
5821	3	5356	2012	2014
1258	7	67	1844	1844
5480	3	5934	1977	1978
6418	5	7416	1996	1996
4451	2	4895	2011	2011
7625	7	139	2017	2017
2701	2	4593	1998	1999
1343	2	4735	2011	2013
1550	0	157	1981	1981
4288	2	5093	2014	2015
4585	2	4496	2008	2009
2357	9	8190	1999	1999
873	0	194	1964	1964
5647	3	5305	1927	1927
805	2	4950	2013	2016
2284	3	5243	1991	1995
944	0	945	1879	1879
3445	3	5339	2009	2013
2396	3	5339	1979	1987
2893	0	30	1979	1979
7801	8	7681	1906	1909
1593	3	5692	2014	2014
5922	3	5513	1984	1988
2254	9	8846	2009	2011
1067	2	5061	2016	2017
3146	0	1047	1977	1977
3299	4	2380	1993	2005
3120	3	5194	2002	2007
612	8	7684	1909	1917
518	0	30	1931	1931
4879	2	5116	2014	2015
6493	5	6330	1904	1967
315	9	7888	2008	2020
1990	0	1934	1975	1975
5461	3	5682	1958	1966
2119	4	3315	2012	2012
393	0	346	1972	1972
5147	2	5142	2007	2008
2148	6	3987	1986	1989
5127	2	5138	2011	2012
1709	0	67	1929	1929
5393	3	5460	1962	1962
7618	8	7677	1945	1945
5280	3	5195	1968	1977
3771	4	1928	1982	1995
6723	5	6759	100	1995
7578	8	7677	1924	1929
5629	3	5378	2003	2003
1356	0	1357	1929	1929
7054	5	7055	100	2018
2952	0	2162	1900	1900
703	3	5395	1990	1994
9706	9	6328	1966	1966
998	8	7652	1931	1945
5701	3	5694	1913	1919
516	0	17	1945	1945
3184	0	1432	1890	1890
9393	9	10418	2003	2003
7695	8	7697	1994	2016
733	0	139	1932	1932
307	4	2732	2005	2009
1756	7	7503	1998	1998
8748	9	8140	1879	1895
6263	7	1316	1935	1935
9974	9	9975	2010	2010
1980	3	5869	1975	1980
700	4	653	1989	1994
1431	0	1432	1902	1902
4940	2	4275	2014	2015
2369	3	5232	1967	1994
10280	9	10231	2006	2006
5959	3	5960	1992	2005
722	4	953	1990	1995
6923	5	6924	1947	1991
58	0	15	1916	1916
9377	9	9378	2009	2014
4055	5	6911	1977	1981
8151	9	8152	1977	1978
1301	0	424	1975	1975
2038	2	4853	1990	1991
759	0	540	1977	1977
1961	3	5315	2007	2009
298	9	8679	1724	1806
9491	9	9492	1948	1930
1780	0	424	1972	1972
6094	4	1334	1955	1974
2973	0	139	1921	1921
5924	3	5252	2007	2009
1699	8	7767	1972	1992
5915	3	5228	1976	1979
1067	0	131	1989	1989
7928	9	7929	1978	1978
8162	9	8163	2002	2002
5630	3	5179	1959	1972
3500	1	4072	2002	2011
6051	7	79	1979	1979
9621	9	10573	1844	1844
1859	3	5341	2009	2011
3275	2	4477	2008	2009
549	3	5567	1981	1998
4917	2	4285	2009	2011
7208	5	7209	1977	2005
5581	3	5365	1984	2009
4461	2	4236	2005	2006
5605	7	1478	1997	1997
4664	2	4335	1994	1996
897	7	1144	1915	1915
3717	2	4624	2004	2009
3725	2	4405	2000	2000
804	7	1518	1883	1883
4723	2	4290	2002	2004
9280	9	9281	1982	2007
70	4	2594	1984	1995
5436	3	5186	1985	1985
4892	2	4323	2006	2007
9153	9	9367	2005	2005
2323	3	5268	1993	1997
7758	8	7653	1861	1865
412	3	5179	1953	1956
159	3	5220	1972	1977
891	2	4238	1998	1999
2676	6	7436	1985	1992
3174	0	295	1928	1928
3001	4	2971	2008	2008
9223	9	9224	1914	1917
6628	5	6629	1996	2011
654	6	4020	1884	1886
3280	8	7842	2008	2013
5783	3	5364	1895	1901
2064	3	5179	1951	1953
4449	2	4853	2009	2009
4578	2	4325	2010	2015
2462	2	4283	2010	2011
2581	0	779	1989	1989
3518	3	5340	1963	1980
4784	2	4509	2015	2015
2572	4	988	1998	1998
4510	2	4593	1992	1993
2907	3	5428	1970	1971
4455	2	5060	1998	2001
4229	1	4230	1876	1882
4643	2	4240	2007	2009
6824	5	6825	1989	2003
1925	0	139	1925	1925
4780	2	4368	2016	2016
4608	2	4382	2002	2004
5810	3	5342	1989	1998
9042	9	7921	1987	1998
1528	0	1303	1990	1990
1007	7	7513	2006	2006
2429	0	2053	1976	1976
2947	9	10614	2016	2016
6917	5	6918	1926	1926
7769	8	7677	1929	1931
2315	9	9623	1841	1869
527	2	4238	1992	1993
1124	0	602	1864	1864
1431	6	3884	1927	2011
460	4	3624	1942	2012
10000	9	10001	1866	1956
3285	7	57	2002	2002
7237	5	6662	1887	1890
5476	3	5307	1971	1971
322	2	5034	1995	2002
2336	3	5525	1966	1972
2845	3	5725	1987	2015
4247	2	4348	1998	1998
5711	3	5160	1965	1967
3224	2	4773	2010	2017
2361	7	79	1990	1990
581	0	582	1964	1964
3380	0	247	1959	1959
4195	1	3929	1961	1967
2671	4	2202	1999	2000
3193	0	196	1920	1920
2685	0	914	1949	1949
2587	6	3850	1931	1991
5700	3	5457	2011	2011
1826	0	83	1917	1917
1851	4	3308	2007	2007
274	2	4590	2006	2012
4381	2	4382	2008	2009
4413	2	4283	1997	1999
7495	7	301	2015	2015
1174	8	7821	1975	1999
7641	8	7663	1799	1828
7611	8	7762	2002	2005
6420	5	6421	1997	2003
2721	4	1962	2016	2016
6495	5	6496	1967	1970
3313	4	1710	2000	2000
1839	0	149	1942	1942
2338	2	4642	2007	2008
9393	9	9394	2002	2003
3465	0	111	1971	1971
5772	3	5607	1984	1985
1803	0	79	1941	1941
2674	4	2628	1983	1990
4960	2	4447	2007	2008
4597	2	4642	2016	2017
3861	3	5232	2001	2001
1205	8	7813	1988	2019
6317	4	1422	1982	2015
2161	7	7513	2001	2001
7241	5	7242	1969	1989
2041	1	3965	1924	1963
5636	3	5177	1956	1980
164	0	165	1928	1928
6027	7	79	1970	1970
566	0	567	1940	1940
8383	9	8384	2007	2009
4438	2	4244	2004	2005
4675	2	4639	2001	2001
746	0	277	1964	1964
4455	2	4342	2010	2013
12	0	13	1983	1983
673	3	5335	1936	1957
5772	7	258	1992	1992
7662	8	7719	1825	1830
4058	1	4059	1983	1989
2444	3	5181	1959	1979
3076	3	5670	1958	1962
1116	8	7711	1992	1992
8879	9	9541	1893	1903
1194	2	4293	1999	2004
1861	0	103	1945	1945
9559	9	9560	2007	2007
2702	2	4931	2003	2003
2175	0	301	1921	1921
159	3	5520	2015	2015
849	2	5028	2004	2004
5201	3	5733	2016	2016
9299	9	10128	2013	2014
7678	8	7679	2007	2007
4467	2	5038	2002	2003
5636	3	5196	1953	1953
4118	1	4119	1955	1979
5533	3	5595	1978	1986
2591	0	101	1927	1927
3248	7	207	2014	2014
2533	2	4553	2014	2016
6156	7	2829	1974	1974
6700	5	6701	1862	1954
1141	3	5464	1981	2002
5251	3	5252	1976	2011
4453	2	4268	2010	2014
8107	9	8108	1842	1924
2788	4	1088	2002	2002
1116	8	7656	1980	1985
4527	2	4304	2012	2013
10098	9	8472	318	550
9765	9	9766	1972	1983
5346	3	5571	1992	1996
1082	3	5249	1929	1943
1306	2	4789	2002	2003
7059	5	6423	1989	1992
4312	2	4335	2007	2009
2341	0	812	1855	1855
4516	2	4688	2007	2009
6212	4	3375	2013	2013
5988	4	1676	1951	1954
6664	5	6665	2010	2016
1470	0	1130	1930	1930
7556	8	7803	1851	1853
3240	2	4793	2012	2012
3922	1	3923	1986	2015
5399	3	5443	2006	2011
2625	0	83	1910	1910
6892	5	6577	2015	2016
5533	3	5825	1976	1978
4282	2	4240	2001	2004
2978	8	7653	1995	1995
2140	2	4284	1997	1997
629	0	63	1962	1962
5952	9	8588	1939	1999
2023	3	5380	1962	1966
9701	9	9702	1972	1972
2738	8	7654	2001	2001
2833	8	7853	1990	2002
2619	9	8643	1928	1939
8180	9	8181	1990	2010
5730	3	5179	2014	2017
1825	3	5943	1993	2001
4406	2	4236	1999	2000
6610	5	7068	1938	1997
5327	3	5293	1990	1991
1679	2	4342	2003	2005
8347	9	8636	1921	1977
5394	3	5670	1998	2001
3368	4	948	1971	1971
1694	6	4033	1966	2012
2746	7	79	1989	1989
2914	1	4161	1980	2004
7476	7	139	1954	1954
2031	4	3553	2001	2001
3829	6	3967	1967	2012
2076	2	4240	2002	2004
2541	0	139	1949	1949
3733	3	5775	2007	2007
786	6	7459	1852	1856
4707	2	4238	1996	1996
7500	8	7659	1965	1994
3757	8	7736	1917	1924
5472	3	5208	1998	1998
1826	7	1674	1976	1976
5157	3	5188	1970	1977
3751	4	2414	1979	1979
4867	2	4615	2008	2009
4415	2	5144	2005	2006
2129	7	1042	1967	1967
6353	9	8891	2005	2014
1819	0	1820	1967	1967
358	2	4501	2000	2001
5617	3	5464	1992	1997
2482	9	8577	1981	1981
2998	2	4509	2000	2001
7857	8	7835	1991	1998
2318	4	3638	2010	2010
2576	4	6124	1956	1982
2052	8	7652	1931	1945
7713	8	7657	2011	2013
4827	2	4262	2005	2007
1779	0	1385	1951	1951
4970	2	4687	1999	2003
4373	2	4945	2002	2007
3027	3	5652	1978	2009
2706	8	7717	2007	2015
9379	9	9380	1996	1996
2351	4	6260	1951	1981
2032	6	3848	1978	1984
2873	2	4504	2006	2008
9749	9	10410	1968	1968
3224	2	4875	2006	2006
508	8	7653	2012	2021
95	3	5335	2011	2012
7864	8	7665	1929	1949
3596	8	7668	2016	2016
10563	9	10564	2016	2016
4752	2	4324	2006	2006
7169	5	7170	1866	1870
2129	0	17	1891	1891
4091	1	3889	1995	1996
2397	0	1120	1974	1974
3273	0	63	1943	1943
5837	7	1880	1878	1878
2339	3	5469	2003	2008
2075	2	4621	2011	2013
4883	2	4424	2014	2015
5308	3	5309	2004	2004
7346	5	6356	1900	1905
4566	2	4348	1988	1989
1964	4	2776	2005	2015
1725	0	149	1972	1972
733	4	6044	1980	1994
1913	3	5172	1968	1981
1426	7	83	2014	2014
844	2	4524	2004	2005
4237	2	4456	2003	2006
1920	8	7653	1996	2011
7047	5	6396	1855	1976
4647	2	4755	2017	2017
4015	1	4016	2006	2014
3444	4	6010	1921	1950
3457	4	3037	1957	2003
7586	7	1135	1851	1851
9254	9	9255	2013	2013
7645	7	222	1970	1970
3408	2	4823	1989	1992
1056	2	4607	2005	2007
783	9	9452	1902	1903
1962	0	69	1982	1982
2925	0	139	1975	1975
8956	9	8957	1954	1955
2339	6	3954	1968	1974
824	4	6133	1947	1971
585	9	10433	2011	2011
4495	2	4663	2009	2011
2140	2	4613	2004	2005
7529	9	7873	1895	1921
2441	0	137	1944	1944
1256	4	6045	1962	1969
1373	0	199	1946	1946
1106	0	101	1972	1972
3606	4	1985	2011	2012
1806	9	7956	2015	2015
4286	2	4596	2007	2009
682	2	4378	1979	1982
8834	9	8835	2008	2011
4502	2	4257	2004	2005
2662	2	4577	1998	2000
5969	3	5220	2016	2016
6004	4	1270	1959	1972
1496	0	45	1933	1933
3164	0	384	1970	1970
5793	3	5721	1963	1983
4879	2	4814	2015	2016
2213	9	8874	1951	1974
4692	2	4487	2002	2004
6418	5	7310	1996	1996
1404	3	5195	1954	1964
3707	2	4596	2000	2002
2209	3	5214	2006	2006
6256	4	2291	1969	1975
5533	3	5406	1988	2002
7918	9	8566	1993	1993
1502	8	7856	2002	2008
9095	9	9096	1987	1988
4583	2	4337	1993	1994
4523	2	4358	2015	2016
5896	4	2960	1951	1997
5544	3	5364	1905	1911
4383	2	4776	1991	1992
1175	0	1176	1871	1871
2695	9	9775	1907	1988
1767	2	4696	1994	2007
7582	9	8144	1926	1926
337	4	3662	1909	1935
5653	7	586	1966	1966
1801	4	1423	1951	1992
3592	7	540	1930	1930
5798	3	5764	1989	2003
2945	4	1815	1906	1917
5748	3	5483	2016	2016
371	0	103	1984	1984
2262	4	1868	2006	2012
1390	3	5410	2011	2013
2656	4	2989	1968	2001
4421	2	4386	1993	1995
1079	2	4734	1985	1991
7815	8	7665	1917	1917
1171	0	664	1970	1970
1343	2	4267	2008	2009
2238	0	785	1980	1980
3032	0	1209	1888	1888
5147	2	4584	2000	2006
2477	4	490	1986	1998
3893	1	3894	1962	1987
4857	2	5140	2003	2005
5223	3	5172	1989	1990
238	9	10439	2012	2012
498	2	4389	1999	2000
2905	4	1581	2004	2004
4602	2	4603	2015	2015
2934	8	7780	2009	2013
1905	0	696	1905	1905
2400	2	4439	1991	1992
2001	4	3075	1859	1906
5049	2	4290	2011	2012
4864	2	4740	2009	2010
5649	3	5172	1983	1987
373	4	1259	1936	1950
2003	1	4147	1984	2006
3032	7	1209	1953	1953
7210	5	7211	1938	1967
737	0	738	1912	1912
2977	7	7551	1916	1916
8490	9	8863	2010	2010
2715	6	7436	1954	1970
521	2	4634	2001	2002
7738	8	7659	2008	2016
7536	7	705	2000	2000
3608	6	3957	1874	1893
3812	6	4186	1953	1955
3499	9	9315	1995	2000
1230	4	164	1947	1991
905	4	413	1966	2001
2347	4	2366	2012	2012
7084	5	7085	1948	1999
3600	0	323	1972	1972
1133	6	3937	1972	2017
1307	0	137	1907	1907
4820	2	5099	2006	2008
3378	4	6125	1966	1994
684	4	3778	1978	2009
233	0	234	1953	1953
636	7	139	1965	1965
4996	2	4392	2009	2010
3688	3	5391	1945	1970
3667	4	403	1887	1909
3032	8	7664	1945	1953
2991	2	4454	2008	2008
9687	9	9688	2002	2002
415	4	2428	1948	2005
4288	2	5065	2005	2008
8552	9	8553	1996	2011
678	9	10225	1863	1903
2167	0	449	1981	1981
2896	0	30	1976	1976
179	3	5237	1985	1986
717	0	39	1926	1926
2442	6	3826	1982	1989
8025	9	8026	1973	1982
1539	0	1540	1986	1986
7593	8	7677	1919	1945
3580	8	7653	2000	2000
8875	9	8876	1987	2001
2461	0	30	1907	1907
461	7	7502	1993	1993
1843	7	103	2002	2002
5706	3	5307	1965	1973
1647	8	7767	1972	1981
293	0	3	1952	1952
5693	3	5172	1986	1986
2977	8	7665	1904	1916
3406	0	2009	1926	1926
2431	2	4240	2011	2013
3875	1	3925	1978	1980
7626	7	295	1941	1941
2776	0	139	1964	1964
2510	7	1493	2013	2013
4385	2	4769	2003	2003
2413	0	424	1947	1947
3464	4	784	2003	2022
4917	2	4236	2006	2007
2473	0	173	1931	1931
4677	2	4267	2008	2009
7523	8	7667	1908	1918
2177	2	4315	2010	2010
1484	0	407	1903	1903
5615	3	5339	1998	2002
10345	9	10346	1808	1885
4732	2	4518	1997	1999
3752	7	7513	2011	2011
198	4	552	1940	1981
3296	0	308	1957	1957
1167	0	63	1921	1921
2348	2	4323	2000	2000
7610	7	7561	1978	1978
3107	9	1290	2009	2009
2768	0	426	1886	1886
2839	0	610	1866	1866
3936	6	3813	1983	2013
5786	3	5225	1964	1966
4280	2	4663	2000	2001
10359	9	10360	1997	1997
8000	9	8466	2015	2015
7838	8	7683	2007	2019
5472	3	5330	1998	2009
1019	2	4452	2012	2014
4307	2	4494	2005	2006
1072	2	4491	1993	1994
2636	4	1196	1926	1942
902	2	4291	1989	1989
1995	4	2541	2004	2009
9909	9	9131	2002	2012
8973	9	8974	1999	2006
2585	0	13	1971	1971
8021	9	9320	1994	1995
4280	2	4425	2002	2004
7371	5	6378	1984	2000
1785	8	7677	1928	1931
5926	9	10192	2000	2003
6308	7	2126	2012	2012
4385	2	4832	2004	2006
1298	5	6537	1993	1994
2702	2	5100	2009	2010
678	0	679	1820	1820
2260	0	1266	1935	1935
5766	7	388	1988	1988
50	0	51	1970	1970
1638	4	1952	2013	2013
452	4	659	2011	2011
4015	1	4153	2005	2006
2874	0	2875	1960	1960
2946	9	8959	2016	2016
3216	4	2655	1984	1984
1730	7	985	1961	1961
6399	5	7150	2006	2012
4834	2	4819	2015	2016
3782	0	1982	1981	1981
980	0	189	1981	1981
2438	6	4232	1952	1959
982	0	496	1942	1942
2786	0	30	1912	1912
3873	1	3874	1902	1921
483	7	1385	1985	1985
3330	0	301	1885	1885
7607	7	7573	1966	1966
5218	3	5569	1993	1999
4318	2	5054	2003	2008
2624	9	8024	1959	1977
3405	7	2240	2009	2009
3450	7	2556	1987	1987
5916	9	9544	1992	1992
2607	8	7657	2007	2012
5314	3	5335	2004	2012
2414	4	3751	1979	1979
2676	0	3	1963	1963
3984	7	316	2016	2016
728	7	243	1914	1914
4346	2	4347	1994	1995
4678	2	5075	2005	2006
6727	5	6728	1811	1818
3708	4	2375	1975	2015
2629	8	7746	1999	2005
5392	3	5640	1999	2001
3054	0	13	1980	1980
4554	2	4815	2010	2011
4401	2	4969	2001	2004
1966	9	10543	1938	1938
4636	2	4436	2005	2005
2834	3	5179	2012	2012
9149	9	9150	1991	2017
7043	5	7044	100	2018
6212	9	8960	1977	2007
4444	2	5118	2008	2008
4467	2	4299	2013	2014
1536	4	3694	1966	1971
221	0	222	1896	1896
3521	3	5336	1995	2007
5680	3	5179	1999	2002
4724	2	4407	2007	2008
1914	3	5477	1980	1981
4365	2	5097	2012	2013
577	0	79	1949	1949
3480	0	889	1941	1941
1837	9	10111	1904	1921
769	6	3950	1932	1934
508	8	7659	2012	2012
3024	4	335	1998	2009
2588	8	7712	1990	1990
1655	0	567	1932	1932
7500	7	1572	1994	1994
9294	9	10058	1992	1992
9377	9	9796	2010	2010
3468	0	55	1852	1852
1251	3	5214	2011	2011
562	9	10622	1970	1971
1109	3	5269	1996	2001
7616	8	7680	1848	1854
2475	3	5177	1988	2012
2599	0	139	1853	1853
6102	4	6145	1939	1976
1731	7	555	2007	2007
59	0	60	1912	1912
4247	2	4489	2002	1999
3062	0	465	1966	1966
3351	0	214	1957	1957
9048	9	9049	1995	1998
5564	3	5760	2008	2011
1850	0	555	1929	1929
6249	4	6250	1945	2005
1018	4	6106	1988	1991
1161	4	6091	1941	2003
3689	2	4598	2013	2014
4942	2	4304	2009	2011
1907	0	15	1909	1909
1167	4	6281	1950	1962
2012	3	5273	1992	1998
2792	4	134	1998	1998
242	2	5027	1991	1993
9815	9	8301	2003	2016
2377	7	667	1952	1952
699	0	9	1908	1908
5939	3	5179	1935	1946
4608	2	4691	2005	2005
7775	8	7683	2007	2018
4957	2	4249	2014	2015
5700	3	5824	2011	2011
4940	2	4908	2014	2014
7601	7	432	1956	1956
1048	3	5437	1993	1994
974	3	5188	1962	1968
6660	5	6661	2012	2012
5616	3	5768	1996	2014
3483	0	183	1919	1919
9155	9	9574	2006	2014
709	3	5380	1961	1965
3728	0	120	1899	1899
3934	1	3935	2001	2021
9629	9	9630	1985	1993
4505	2	4670	2015	2016
2620	4	1802	1902	1932
1550	2	4624	2006	2009
4820	2	5010	2011	2013
344	0	305	1946	1946
8229	9	8230	2010	2010
5026	2	5027	2010	2012
10030	9	10031	1934	1960
4038	3	5196	1948	1955
5836	3	5771	1965	2011
8715	9	8716	138	139
5696	3	5184	1918	1920
4379	2	4946	2016	2016
2782	3	5673	2000	2000
1784	8	7749	1985	2005
382	4	476	2007	2017
2571	9	8307	1959	1962
3477	0	83	1924	1924
675	3	5326	1976	1995
10194	9	10195	1932	1934
4585	2	4978	2013	2014
927	3	5406	2003	2003
1545	7	599	1974	1974
8713	9	10067	2015	2015
837	0	838	1928	1928
2891	4	2679	2011	2018
8378	9	8379	2012	2012
3480	6	3816	1963	1973
545	0	55	1964	1964
1876	4	3742	2014	2014
2131	3	5177	2009	2018
4510	2	4337	1995	2001
3527	2	4472	1994	1996
3577	7	83	1932	1932
1336	2	4392	2012	2013
3644	7	1439	2010	2010
937	2	5106	1999	2001
2589	3	5448	1988	1996
4069	1	4169	1961	1969
5496	3	5817	2006	2006
9271	9	2350	2006	2006
2680	0	57	1977	1977
4694	2	4387	2007	2010
6110	7	1478	1971	1971
1438	4	391	2010	2010
9370	9	9371	113	2002
8978	9	8979	2007	2008
4046	1	4047	1988	1993
4644	2	4819	2013	2015
7433	7	30	1983	1983
331	2	4691	2003	2005
1348	3	5305	1944	1975
10300	9	10301	1879	1865
3614	0	308	1981	1981
4467	2	4348	2000	2002
3740	2	4586	2011	2014
2668	0	308	1944	1944
3744	2	5006	2012	2014
9595	9	9596	1947	1945
2998	2	4589	1997	1998
6044	4	733	1980	1994
262	9	10273	1986	1993
3336	0	808	1938	1938
778	2	4487	2003	2006
3882	1	3957	1997	2000
1625	8	7672	1946	1964
1409	2	4648	1997	1999
2962	6	7456	1952	1955
4533	2	4262	2004	2009
922	0	923	1973	1973
8044	9	9416	1991	1992
7235	5	7236	2004	2007
2773	0	79	1955	1955
3610	0	28	1913	1913
1218	4	3560	1989	2014
5932	3	5195	1910	1928
4080	6	3823	1977	2007
3702	6	3967	1926	1929
9563	9	8920	2014	2014
2380	4	3299	1993	2005
2123	2	4439	2001	2005
966	2	4317	2001	2002
5835	8	7799	1968	2005
3720	4	2170	1993	1998
1474	7	388	1969	1969
5823	3	5377	1864	1882
1601	4	6179	1986	1989
4529	2	4736	2008	2008
1084	8	7653	2011	2011
1490	1	3814	1935	1950
8	7	1028	1987	1987
1191	4	3054	2007	2007
4935	2	4914	1994	1996
1679	2	4992	2004	2005
727	2	4314	1999	2004
6331	5	6386	1976	1985
474	6	3848	1919	1986
4644	2	4317	2009	2011
5318	3	5256	2010	2013
5989	4	6147	1947	1953
3724	3	5445	2013	2013
2638	7	79	1962	1962
3763	4	1801	1942	1950
4916	2	4792	2005	2007
5930	3	5274	1921	1923
4780	2	4708	2011	2013
3362	0	89	1938	1938
3176	2	4348	1989	1990
2824	9	9363	1973	1973
2235	0	17	1944	1944
5653	3	5172	1965	1966
10165	9	10166	1963	1963
1112	7	79	2016	2016
7097	5	7098	100	2011
1998	0	101	1930	1930
5705	3	5278	1985	1989
4433	2	4776	2011	2012
1585	7	103	1992	1992
834	2	5057	2006	2007
4923	2	4773	2008	2012
2101	4	1470	1954	1989
1613	2	4478	2000	2002
7863	8	7677	1927	1949
2778	3	5179	1988	1994
656	6	3823	1929	1993
4867	2	4642	2009	2010
7122	5	7085	2015	2015
2404	0	301	1987	1987
905	0	555	1913	1913
4745	2	4428	2002	2003
3206	0	96	1981	1981
442	8	7659	1968	1968
8803	9	8804	1903	1917
8692	9	8693	1809	1870
4292	2	4696	1999	2004
2605	9	9564	1948	1950
6068	4	396	1896	1933
413	4	905	1966	2001
5074	2	4725	1997	2001
1343	2	4463	2008	2009
773	0	199	1945	1945
3854	1	3890	1961	2019
2372	7	555	2014	2014
7619	7	1176	1936	1936
5551	3	5516	2011	2011
3315	0	17	1972	1972
1992	4	6224	1892	1981
5430	3	5599	2003	2006
2610	0	701	1923	1923
7540	8	7724	1921	1932
4990	2	4806	2001	2005
8276	9	10167	-423	2022
1484	3	5367	1955	1956
411	3	5179	1974	1981
8721	9	8722	1999	2001
4067	1	4068	1943	1972
3090	2	4378	1997	1999
538	4	1866	1988	2009
5180	3	5196	1958	1964
5216	7	71	2004	2004
1939	4	2267	2003	2013
527	2	5117	1999	2000
1584	6	3848	1950	1952
2461	6	4230	1933	1995
3295	9	9431	1991	1991
2444	3	5172	1987	1991
5403	3	5755	1983	1991
4446	2	5046	2010	2011
6708	5	6709	1990	1996
3313	0	199	2010	2010
3739	7	139	2004	2004
2908	4	3532	1957	1993
4351	2	4410	1998	1999
3258	4	2411	2016	2016
4383	2	4384	1999	2001
4516	2	4323	1995	1997
3682	7	139	1991	1991
6632	5	6633	2010	2010
4949	2	4748	2001	2003
4415	2	5093	2011	2015
5324	3	5353	2002	2004
5693	3	5384	1986	1986
5403	3	5243	1991	2004
3306	7	103	1935	1935
5282	3	5263	1976	1983
4867	2	4422	2014	2015
6540	5	6541	1999	2000
7556	7	139	1868	1868
5547	3	5874	1985	1989
9321	9	9322	2015	2015
3605	4	915	1939	1984
7514	8	7663	1825	1828
938	4	6267	1895	1931
920	4	588	2005	2013
3128	7	79	2004	2004
5359	3	5360	1980	2010
4961	2	4787	1998	2000
5086	2	4913	2011	2013
4872	2	4691	2012	2013
5301	3	5178	1991	1993
2022	9	9215	1960	1966
5880	3	5874	1990	2016
530	0	30	1993	1993
3784	0	346	1943	1943
457	2	4323	1989	1989
10180	9	10181	1889	1991
1992	8	7724	1920	1946
4998	2	5020	2005	2006
1530	2	4909	1988	1989
4884	2	4700	2017	2017
7627	9	10079	1981	1991
4533	2	4593	2006	2006
300	2	4324	2006	2006
1402	4	1631	1973	1973
2251	9	9780	1970	1977
2440	8	7767	1979	1982
1244	4	715	1964	1971
9619	9	9620	2010	2010
5454	3	5455	2014	2014
4844	2	4501	1990	1992
4038	7	1929	1982	1982
3000	0	1178	1950	1950
3439	4	98	1952	2009
840	8	7806	1994	1995
4836	2	4284	2002	2003
58	7	79	2002	2002
5850	3	5261	1934	1939
3592	8	7653	1872	1872
8910	9	9949	1955	1955
1755	4	987	1972	1986
594	4	1684	1934	1940
4495	2	4735	2001	2007
3489	9	10353	1960	2004
6602	5	6816	696	2021
7891	9	8675	1933	1933
1378	0	295	1901	1901
9248	9	9249	1915	1923
1104	8	7715	2004	2020
1715	4	1725	2002	2002
2897	8	7739	1980	1985
2173	4	1752	1964	2007
1854	3	5402	1890	1893
4543	2	4615	2010	2011
2406	7	555	2002	2002
5559	3	5457	2010	2010
6717	5	6812	1923	1948
7494	7	283	2012	2012
3487	7	147	1971	1971
3718	0	544	1924	1924
7864	8	7684	1909	1929
78	4	3789	1988	1988
1710	0	1417	1963	1963
1976	3	5271	1991	2016
3046	3	5516	1997	2011
2270	6	3848	1973	2017
3052	3	5184	1969	1970
219	2	4386	2006	2007
3692	0	1654	1955	1955
5722	3	5307	1963	1965
180	7	79	1969	1969
748	5	6925	1990	2003
4467	2	4853	2004	2006
2851	7	308	1965	1965
1722	0	1723	1971	1971
2742	4	2887	2005	2010
913	0	914	1955	1955
1919	4	6095	1937	1937
6395	5	6396	1999	1999
7745	8	7728	2002	2018
4697	2	4509	2004	2005
4656	2	4652	2001	2003
3926	3	5694	1975	1987
8250	9	7993	1999	2001
10264	9	10265	2010	2015
3430	8	7701	1981	1988
4131	1	4152	1984	1990
3256	0	139	1940	1940
4551	2	4552	2011	2015
7229	5	6559	1997	2004
1430	9	9181	1879	1912
466	7	277	1986	1986
4934	2	4238	1995	1998
3419	3	5707	2013	2013
4961	2	4698	2011	2017
354	0	67	1941	1941
6294	4	6293	1939	1952
6179	4	1589	1993	1999
3714	3	5179	2015	2015
934	0	935	1937	1937
936	0	13	1971	1971
5912	3	5406	2008	2008
4499	2	4284	1999	2000
3955	1	3956	1985	1990
1714	2	4577	1993	1993
3568	4	828	1978	1987
9061	9	9062	2003	2005
8494	9	8495	2010	2010
724	3	5273	1972	1975
3354	4	2917	1993	2019
2168	0	283	1974	1974
891	2	4236	1997	1998
7789	8	7654	1994	1996
3608	0	381	1853	1853
7822	8	7664	1944	1977
3073	4	2130	1993	2004
5255	3	5384	1996	1997
5373	3	5293	2006	2006
4385	2	5081	2011	2012
3672	6	3813	1971	2013
2852	0	2853	1977	1977
2152	0	202	1893	1893
358	2	4626	2014	2016
7837	8	7835	1991	1998
7838	8	7829	1991	1991
8127	9	9707	1965	1965
5799	3	5503	1959	1966
5683	3	5198	1981	1996
2980	0	67	1921	1921
3555	0	421	1979	1979
10291	9	10292	1908	1916
9235	9	9236	2009	2009
5993	9	8950	1944	1944
4595	2	5012	1989	1992
8063	9	8064	1997	2000
372	8	7665	1946	2006
4082	1	3924	2010	2010
1857	8	7653	2006	2006
365	9	9146	2014	2014
56	0	57	1954	1954
3018	3	5310	2006	2006
2202	4	2671	1999	2000
2691	0	3	1903	1903
4260	2	4929	1991	1993
3039	2	4323	2001	2001
3008	7	7513	1999	1999
2921	8	7654	2009	2013
5285	3	5307	1985	1985
2447	0	139	1907	1907
6320	6	3884	1904	1948
10307	9	10308	2012	2012
3148	0	836	1858	1858
7553	8	7677	1917	1931
3321	6	3823	1951	1957
2527	7	1577	1958	1958
1501	6	4180	1927	1967
3459	0	43	1980	1980
2727	3	5209	1948	1967
7836	8	7790	1920	1930
4749	2	4329	2013	2015
4852	7	1266	1917	1917
2673	2	4313	2006	2008
4654	2	5093	2004	2006
2998	2	4477	2004	2006
326	3	5736	2006	2007
8206	9	9173	2004	2004
7468	6	3987	1922	1925
931	4	2045	1980	1999
3448	0	253	1905	1905
4901	2	5029	2007	2009
4656	2	4657	2011	2012
842	0	843	1953	1953
4901	2	5068	2009	2010
5816	3	5838	2010	2011
1392	9	10599	1966	1966
3577	1	4140	1886	1889
5615	3	5377	2002	2004
2219	0	1428	1951	1951
2904	4	1716	1957	1957
3267	9	9535	1978	1978
3481	2	4408	2014	2015
5429	3	5278	1986	2003
4864	2	4485	2009	2009
2307	6	3813	1997	2000
4723	2	4642	2007	2009
7002	5	7003	2014	2015
7344	5	7345	2011	2019
7642	8	7672	1946	1990
7591	7	1004	1891	1891
5618	3	5360	1981	1983
4827	2	4637	2010	2011
5452	3	5453	1991	2001
2645	2	5090	2016	2018
5843	3	5489	1936	1937
286	1	3950	1941	1952
2010	0	196	1850	1850
7702	8	7811	1994	2002
1633	8	7677	1917	1945
9757	9	9758	988	1448
5487	7	139	1978	1978
3757	8	7665	1903	1927
3581	9	8365	1992	1996
1675	0	283	1976	1976
88	0	89	1966	1966
7572	8	7653	1828	1841
4048	1	4049	1980	1980
4271	2	4526	2008	2010
7613	7	705	1998	1998
3460	8	7653	1976	1987
4455	2	4407	2013	2014
1688	3	5417	1954	1971
4934	2	4589	1998	1999
1100	0	305	1966	1966
1747	0	694	1986	1986
2995	4	1695	1980	2019
5582	3	5204	1934	1940
6762	5	6763	100	2011
5829	7	133	1851	1851
2027	6	7453	1964	1977
4982	2	4483	2000	2001
1853	0	370	1965	1965
1827	2	4786	2012	2015
711	8	7692	2002	2015
6017	4	1511	1923	1925
1351	0	424	1970	1970
5570	3	5535	2005	2016
1422	0	103	1951	1951
4887	2	4509	2009	2012
1301	4	3675	2007	2020
8742	9	8743	2006	2006
1238	4	3227	1923	1955
8276	9	9347	-422	1861
3443	9	8747	2001	2011
6994	5	6995	2003	2009
6013	4	6014	1922	1988
4887	2	4769	2002	2003
4258	2	4535	2004	2006
6807	5	6808	100	2017
5712	3	5679	2006	2009
2299	2	5146	1979	1980
2817	3	5901	1972	1999
3219	9	8565	1999	1999
2384	1	3883	1967	1977
4638	2	4501	2015	2017
10215	9	10216	2011	2011
90	2	4590	2007	2010
4499	2	4639	2000	2001
2597	0	139	1931	1931
7199	5	7200	1890	1916
2028	7	79	2016	2016
5891	3	5247	2017	2017
3385	0	432	1933	1933
6153	7	79	1976	1976
4588	2	4651	2013	2014
2763	3	5377	1852	2008
1299	0	985	1933	1933
8151	9	10134	2014	2016
4461	2	4629	2007	2007
2311	6	3855	1908	1951
8089	9	8090	2014	2014
7775	8	7761	1998	2007
3063	0	529	1988	1988
10542	9	8143	1988	1990
4938	2	5119	2013	2015
2755	4	3157	2005	2005
1113	3	5753	1917	1930
160	2	4293	2007	2010
193	3	5179	1952	1967
4529	2	4558	2003	2003
4423	2	4863	2004	2006
4533	2	4501	2008	2008
409	9	8104	1993	1993
891	2	4256	2009	2011
9005	9	9006	2011	2011
3607	3	5682	1952	2008
2812	8	7653	1989	2021
2250	3	5406	1994	2004
5207	3	5166	1987	1987
2167	2	5143	2006	2006
1957	0	308	1971	1971
3138	0	103	1931	1931
21	0	22	1929	1929
7630	8	7681	1901	1909
1838	0	277	1961	1961
3192	3	5248	2014	2014
7515	7	985	1906	1906
4014	1	3894	1981	1986
2957	0	127	1952	1952
7570	8	7753	1928	1933
1930	9	10270	1983	1983
1717	4	3614	2008	2011
3322	0	1538	1983	1983
525	0	13	1981	1981
5042	2	4939	2008	2009
3197	0	1417	1965	1965
4788	2	4512	1999	2000
1971	4	3226	1939	1939
1219	6	3848	1944	1944
5936	6	7425	1974	2020
7782	8	7726	2015	2015
4381	2	4452	2017	2017
4765	9	7890	1988	1993
2553	2	5055	2012	2012
7277	5	6649	2004	2009
1563	3	5764	1982	2001
4548	2	4344	2000	2004
1689	0	658	1912	1912
1675	2	4299	2008	2009
146	0	147	1914	1914
7782	8	7692	2002	2015
2626	0	1743	1988	1988
6937	5	6601	1986	1988
801	0	139	1967	1967
3972	1	3973	1997	1998
3319	0	290	1929	1929
4108	1	4109	1988	2015
2455	4	3701	1991	2001
4282	2	4386	2008	2009
6287	7	975	1960	1960
4600	2	4262	2004	2006
7074	5	7075	100	2018
4533	2	4639	2005	2006
1447	4	2569	1964	1972
5573	3	5417	1960	1986
3512	8	7686	2007	2022
3293	7	555	1999	1999
5487	3	5305	1945	1956
450	2	5072	1988	1998
7840	8	7731	1992	1995
3211	5	7049	1950	1958
2313	7	679	1921	1921
5368	3	5369	2005	2011
832	3	5589	2011	2011
3194	7	3	2011	2011
4375	2	4639	2000	2002
5337	3	5621	2010	2010
3587	0	3588	1948	1948
4540	2	4524	2000	2003
10424	9	10425	2005	2005
3347	0	2426	1958	1958
5939	3	5256	1953	1954
3725	0	2322	1981	1981
6261	4	882	1951	1952
3010	0	648	1924	1924
8855	9	8411	1997	2000
8575	9	8576	1902	1912
280	0	281	1948	1948
4927	2	4253	2003	2006
3922	1	3886	2013	2015
7483	6	7455	1970	2012
9287	9	9288	1993	1994
3770	7	7513	2005	2005
3404	7	168	2001	2001
5698	3	5505	1962	1990
4638	2	4559	2010	2011
6265	7	2004	2014	2014
4960	2	4733	2003	2004
2024	4	162	1978	1988
8445	9	8446	2016	2016
1030	7	555	2016	2016
495	0	496	1955	1955
3577	0	2370	1862	1862
7592	8	7659	1973	1999
3205	8	7776	2002	2011
5135	2	4821	1997	1998
3008	4	3611	1971	1986
1648	7	49	1963	1963
4644	2	4769	2007	2008
4689	2	4314	2014	2015
358	2	4342	2006	2014
4622	2	5155	2010	2010
617	3	5263	2001	2008
9028	9	9029	1984	1984
5672	7	1241	1926	1926
2730	7	79	1990	1990
2271	3	5529	2003	2008
8168	9	8169	1901	1901
6168	4	6169	1916	1969
4782	2	4314	2011	2012
113	2	4333	2014	2015
7707	8	7694	1997	2000
311	6	3937	1969	1978
128	4	3122	1987	1987
1328	7	1329	1893	1893
9034	9	9035	1989	1989
4523	2	4319	2013	2013
5787	3	5179	2013	2015
2933	8	7740	1996	2008
7553	8	7652	1931	1945
9093	9	9094	1599	1600
8492	9	8493	2007	2008
2983	6	4005	1936	1992
203	6	3937	1987	1992
1958	0	1636	1972	1972
6182	7	1042	1920	1920
772	7	67	1941	1941
5995	4	6109	1972	1988
7804	8	7656	1980	1999
3462	3	5516	2005	2014
4689	2	4801	2011	2011
3089	7	624	2000	2000
3278	4	903	1994	2004
2398	7	224	1899	1899
406	0	407	1911	1911
616	3	5206	1954	1961
2209	3	5268	2002	2003
8937	9	8938	1985	1987
2765	3	5177	1977	1980
3042	0	1556	1887	1887
2848	8	7762	1989	1995
990	3	5220	1996	1997
278	8	7694	1997	2000
3384	2	4565	2010	2011
2379	2	4323	1998	1999
3201	0	3202	1985	1985
3761	3	5179	1941	1945
236	0	237	1944	1944
6207	4	6206	1944	1993
3284	4	2713	1960	1978
3064	4	2657	1996	1999
3231	3	5949	1977	1991
3540	9	8082	1868	1957
1644	4	1408	1959	1994
1754	0	143	1798	1798
3381	0	384	1934	1934
3959	1	3960	1984	1990
5994	4	3497	1950	2006
4872	2	4989	2007	2009
27	0	28	1872	1872
500	0	501	1895	1895
2351	7	79	1990	1990
4838	2	4574	2002	2003
1048	0	959	1949	2020
2224	0	381	1944	1944
5597	3	5542	2001	2019
4375	2	4313	2003	2004
8016	9	8017	2005	2005
7537	8	7674	1825	1856
750	4	2422	1997	2007
3242	4	6238	1981	1987
1665	4	3182	1977	1999
6397	5	6398	1988	1993
4393	2	4317	2003	2007
487	7	230	1976	1976
10502	9	10503	2014	2014
142	4	2842	1992	1992
8035	9	8036	1992	1992
5496	3	5543	2002	2006
10343	9	10344	1775	1795
5350	3	5815	2014	2016
6217	7	55	1935	1935
5971	3	5635	1930	1939
585	0	586	1962	1962
2419	2	4469	2017	2017
3565	0	283	1975	1975
9952	9	8745	2011	2016
6003	7	390	1997	1997
576	3	5269	1991	2018
303	4	1681	2015	2015
1738	4	2699	1933	1989
3888	6	7460	1999	1999
1509	0	157	1989	1989
1388	7	75	1982	1982
8757	9	9763	1999	1999
5308	3	5247	2004	2004
739	7	599	1875	1875
7628	8	7654	2000	2003
5940	3	5179	1905	1908
5851	9	7914	1982	1983
5318	3	5485	2013	2017
4647	2	4849	1998	2005
1977	6	3937	1940	2009
1811	4	2665	2013	2017
7804	8	7841	1966	1980
1940	4	548	1987	1987
7627	9	7903	1985	1986
1545	0	529	1882	1882
2787	7	7509	1975	1975
3511	1	3858	1969	1982
6151	7	168	1957	1957
4839	2	4593	1993	1993
7793	8	7694	1992	2000
1937	6	7436	1979	1986
5989	7	940	1994	1994
7938	9	7939	2006	2022
7484	7	55	1964	1964
5044	2	4553	2008	2013
6323	5	6933	1992	2013
2589	3	5370	1960	1966
1642	0	139	1909	1909
6855	5	7261	100	2017
1604	7	2950	1989	1989
2171	4	2212	1934	1963
5968	3	5648	2010	2010
2343	8	7659	2005	2007
534	6	3816	1945	2017
896	4	3097	2013	2016
831	2	4715	1998	2000
8459	9	8660	2012	2012
3178	4	389	2000	2004
268	4	232	1983	2009
2300	2	4333	2000	2003
7727	8	7717	1996	2003
3829	1	3830	1989	2006
1462	6	3855	1899	1946
6840	5	6841	1994	1995
1072	2	4978	2000	2001
1269	4	2502	2007	2016
10318	9	10319	2001	2010
676	4	2434	1960	1986
5536	3	5198	1846	1851
3019	7	667	1975	1975
5614	3	5198	1982	2006
1735	2	4823	2001	2003
208	0	17	1844	1844
1016	4	2616	1982	1984
1397	2	4291	1991	1991
2715	0	149	1931	1931
1747	2	4253	2003	2005
2878	0	79	1951	1951
2750	4	6050	1944	1958
7882	9	10571	2016	2016
3393	1	4158	1986	2010
7450	7	7524	1973	1973
5557	3	5808	2013	2013
343	7	2004	1989	1989
1140	8	7654	1984	1993
403	4	3667	1887	1909
1987	7	79	1935	1935
1466	0	894	1974	1974
1524	0	111	1925	1925
2500	4	1074	2005	2010
1563	3	5246	1981	1982
3275	2	4739	1997	1999
5403	6	4180	1939	1942
6011	4	3483	1992	2001
9804	9	9805	2015	2016
5042	2	5043	2006	2007
5430	3	5177	2007	2007
2576	0	67	1932	1932
504	0	101	1943	1943
2076	2	4443	2006	2009
9141	9	9568	1994	1994
268	0	269	1952	1952
4346	2	4714	1999	2006
1642	4	6186	1934	2003
4611	2	4420	1996	1997
712	4	2683	1975	2000
1663	4	3271	2007	2007
2757	8	7767	1974	1980
2275	4	3576	1977	1977
2439	4	2823	1961	1996
8210	9	8211	1968	1969
8092	9	10601	-415	2022
5970	6	3967	1968	1968
8078	9	8079	2015	978
4375	2	4994	2016	2016
5047	2	5076	2004	2010
2012	3	5237	1998	2014
3203	0	37	1975	1975
6009	7	1042	1938	1938
3222	2	4613	2010	2010
1919	0	245	1911	1911
5739	3	5406	2007	2007
1714	2	4273	1992	1993
2033	6	3848	1909	1963
1894	0	35	1983	1983
2938	4	1300	1967	1970
9026	9	9027	889	910
5959	9	9718	1963	1971
8320	9	8034	2005	2007
4940	2	5032	2008	2009
2469	6	7456	1960	1962
9719	9	10074	2004	2004
4643	2	4323	2004	2005
1853	4	369	1990	2018
6674	5	6675	1858	1858
4554	2	4686	2001	2004
5201	7	71	2015	2015
4217	1	4196	1999	2005
61	3	5179	1897	1901
2726	3	5665	2002	2009
104	4	614	2015	2015
3317	9	10269	1954	1961
3272	0	308	1912	1912
2534	2	4324	2006	2006
9252	9	9253	2015	2015
9328	9	9329	1972	1977
2662	2	4436	2000	2001
1369	0	129	1914	1914
1748	2	4552	2012	2012
5631	3	5184	1963	1979
3905	3	5364	1921	1921
4829	2	4284	2001	2001
7290	5	7291	1984	1993
3657	4	320	1975	2018
3491	4	473	2001	2007
9229	9	9230	1960	1960
3024	4	6242	1989	1992
1053	9	9931	1965	1966
2195	4	3077	1961	1970
2363	9	8983	1951	1957
5628	3	5367	1991	1998
6	3	5391	1945	1946
3091	2	4506	2016	2016
2138	2	4492	2006	2007
2236	3	5336	2002	2013
711	8	7726	2015	2015
1525	0	30	1944	1944
823	0	3	1962	1962
3769	0	57	1964	1964
3095	6	7452	1971	1971
8199	9	9641	2012	2013
415	7	168	2011	2011
2662	2	4501	1992	1994
2107	9	9950	1142	1700
2462	2	4324	2010	2010
138	7	139	2009	2009
9531	9	9532	2013	2013
2428	7	79	1996	1996
4704	2	5097	2010	2011
5821	3	5497	2014	2015
6040	4	472	1968	1978
385	1	4099	1972	1978
3433	9	10524	1997	1997
8081	9	8082	1906	1945
3170	7	103	2016	2016
1963	6	7436	1952	1960
4844	2	4637	1995	1997
2378	4	6165	1950	2007
4090	9	9902	2007	2007
4866	2	4321	1998	2003
5850	3	5249	1939	1972
5135	2	4584	1995	1996
2385	7	1929	2004	2004
2819	0	139	1924	1924
5892	3	5550	2008	2014
2292	4	639	1939	1981
4681	2	5068	2012	2013
699	7	524	2002	2002
5791	3	5190	2001	2009
1185	2	4690	2009	2013
1804	7	295	1990	1990
8343	9	8344	1541	1541
3224	2	4240	1994	2002
2017	2	4503	2007	2008
5272	3	5273	1997	2007
6053	9	10076	1971	1971
2192	3	5227	2009	2016
3636	4	3053	1934	1974
7895	9	7896	1988	1991
491	0	39	1940	1940
1560	4	1843	1941	1957
5598	3	5360	1985	1987
1685	4	2095	2007	2013
3108	0	985	1943	1943
4692	2	4601	2007	2009
4529	2	4376	2009	2010
5872	3	5384	1964	1966
2458	2	4513	2009	2010
6311	4	6312	1955	1978
2029	2	4739	1995	1999
1550	2	4936	1998	1999
1250	0	111	1962	1962
2254	9	8649	1982	1989
4480	2	4382	2010	2011
4602	2	5094	2006	2009
7437	6	4033	1938	1951
2782	3	5796	1975	2000
298	9	8838	1724	1806
2569	0	139	1937	1937
5805	9	9759	1918	2013
3295	9	9063	1980	1981
3412	4	6108	1985	1994
2689	7	7490	1925	1925
4647	2	4930	2014	2015
9616	9	9617	2011	2012
355	4	576	1999	2018
9294	9	9295	1992	1992
2007	4	431	1998	2020
1291	0	1292	1940	1940
2403	0	1080	1922	1922
4730	2	4880	1999	2000
1571	0	1572	1979	1979
3684	8	7708	2000	2001
2365	0	139	1919	1919
890	0	196	1855	1855
7851	8	7729	2016	2016
6228	7	139	1991	1991
4531	2	4526	2002	2003
7864	8	7681	1901	1909
1113	3	5485	1930	1946
1430	7	89	1912	1912
7515	9	10348	1884	1885
4493	2	4236	1998	1999
5685	3	5300	1989	1991
4015	1	3969	2014	2014
7618	7	7573	1964	1964
4856	2	4908	2016	2021
4540	2	4593	2000	2001
652	3	5457	1997	1997
3790	7	1478	1976	1976
3690	0	103	1898	1898
3294	7	1303	2000	2000
3366	4	3711	1998	2017
4480	2	4951	2014	2014
2837	0	370	1943	1943
2315	7	295	1869	1869
4446	2	4422	2007	2008
4750	2	4855	2010	2011
2626	2	5100	2009	2015
2480	7	323	1986	1986
7741	8	7824	1978	1986
4744	2	4629	2009	2010
156	2	4363	2008	2008
1486	4	2963	2011	2016
645	4	1031	2001	2012
1232	0	137	1939	1939
4525	2	4615	2001	2005
8204	9	8205	601	2018
6867	5	6681	2007	2013
1085	2	5056	1989	1991
80	4	2640	1979	1983
1341	4	1166	1908	1920
1778	0	679	1978	1978
5913	3	5336	1992	2002
1852	0	9	1870	1870
4665	2	4478	2006	2008
1923	0	196	1955	1955
5584	6	3937	1916	1974
623	0	624	1984	1984
3743	2	4573	2005	2007
1657	3	5293	1995	2011
4162	1	4013	1995	2001
5948	7	139	1935	1935
4404	2	4431	2007	2007
2112	0	139	1937	1937
5398	7	71	2016	2016
4474	2	4475	2005	2008
4523	2	4317	1992	1993
4239	2	4761	2017	2017
5939	3	5485	1946	1953
1650	2	5118	2010	2011
2972	0	101	1943	1943
1333	4	625	2003	2003
6079	8	7659	2010	2017
2048	7	258	1978	1978
4490	2	5145	2012	2013
1907	9	9829	1939	1939
7619	8	7677	1917	1936
4569	2	4637	2001	2006
1777	0	295	1942	1942
5886	3	5497	2016	2016
2947	9	10162	2002	2002
1444	4	1400	2015	2017
7620	7	775	1966	1966
3506	8	7820	1994	1994
3730	6	3940	1948	1953
2300	2	4699	2005	2006
2514	0	1844	1933	1933
5811	6	3937	1927	1931
4580	2	4496	1998	1999
1523	9	9676	1975	1975
1873	7	139	1984	1984
5895	9	8317	1953	1953
8437	9	8438	1982	1988
8721	9	8824	2001	2004
5905	3	5353	2011	2017
8151	9	9737	2005	2005
4812	2	4323	2000	2001
3643	0	67	1911	1911
2831	2	4859	2013	2015
6266	8	7778	2003	2003
3877	1	3878	1994	1997
3524	0	105	1945	1945
5345	3	5195	1930	1954
4343	2	4945	2010	2013
3952	1	3953	1987	2004
4369	2	4669	2001	2002
4664	2	4821	2001	2011
1134	6	7459	1779	1831
1867	3	5921	2006	2015
2177	0	323	1980	1980
552	0	553	1915	1915
4659	2	4763	2004	2005
3725	2	4577	1991	1993
2166	4	2006	2007	2008
8879	9	9461	1891	1903
3479	7	1361	1981	1981
1714	2	4787	1991	1992
1257	1	3840	1860	1868
1837	7	39	1936	1936
3801	4	1099	1972	2012
3127	0	898	1884	1884
7014	5	7015	2010	2013
4960	2	5137	2004	2005
4546	2	4452	2009	2010
2147	3	5594	2006	2013
695	0	696	1994	1994
2474	0	691	1856	1856
1606	0	89	1936	1936
3163	0	55	1932	1932
5461	3	5460	1966	1968
6546	5	7402	1948	1964
4805	2	4436	2008	2003
7166	5	7134	1920	1923
3066	4	6051	1933	1945
5023	2	4878	2006	2011
5582	3	5256	1940	1943
5586	3	5172	1990	2003
19	0	20	1915	1915
3077	4	2195	1961	1970
6339	5	6340	1953	1973
4569	2	4570	2014	2019
5314	3	5179	2012	2012
5207	3	5802	1987	1987
3043	4	64	1992	2001
4247	2	4370	1999	2003
1205	0	299	1928	1928
623	4	206	2014	2015
2135	4	3145	1965	1977
2320	6	3924	1929	1984
3362	4	486	1968	1979
2873	2	4880	2001	2004
3160	2	4785	2011	2013
805	2	4416	2005	2006
7141	5	7036	1996	2003
2813	7	1222	1909	1909
5850	3	5479	1926	1934
2102	7	3	1948	1948
2524	4	1171	1999	2016
3257	0	137	1948	1948
1776	0	77	1943	1943
304	0	305	1968	1968
1342	8	7654	2016	2017
4566	2	4267	1991	1991
5739	3	5177	2007	2016
3408	2	4676	2006	2011
873	8	7670	1997	2005
3518	3	5485	1945	1959
8445	9	9445	2011	2011
4101	1	4097	1949	1956
2584	4	2287	1967	1969
1862	0	67	1910	1910
5708	7	217	1988	1988
4588	2	4567	2006	2008
4588	2	5021	2011	2013
4413	2	4632	1999	1999
340	7	137	1988	1988
636	6	3870	1910	1965
1634	3	5220	1970	1978
3888	6	7441	1990	1997
3947	6	3813	1961	1983
2381	3	5199	2004	2011
6008	4	6009	1907	1914
2662	2	5040	1990	1991
1992	8	7781	1917	1920
229	0	230	1980	1980
4724	2	4481	2006	2007
4961	2	4687	2009	2010
7621	7	463	1891	1891
3065	0	214	1930	1930
1388	3	5840	1974	1978
1054	9	7900	1953	1953
3631	4	3627	2005	2006
3017	7	139	1960	1960
2880	2	4963	1977	1979
4367	2	4567	1991	1992
5761	3	5377	1981	1992
4923	2	4254	2014	2015
1847	0	869	1943	1943
5512	9	9966	1973	1973
1966	9	7973	1942	1942
2402	3	5177	2011	2011
3759	2	4310	1979	1984
9982	9	9983	1984	1984
3633	8	7659	2016	2016
1111	0	139	1917	1917
844	2	4407	2011	2013
4622	2	4688	2007	2007
7187	5	7188	1701	2008
4850	2	4299	2003	2004
5347	3	5193	1994	2008
4679	2	4944	2015	2015
5014	2	5126	2001	2002
1810	8	7659	1984	1994
5710	3	5490	2016	2016
4732	2	5060	2008	2013
9719	9	9720	2003	2003
2294	8	7665	1910	1917
5175	3	5415	1945	1945
3329	4	350	1951	1998
4499	2	4333	2005	2009
7709	8	7710	1988	1992
5399	3	5400	2005	2006
5436	3	5177	2008	2008
3615	3	5371	1994	1997
1113	3	5391	1946	1946
2773	4	1520	1979	2008
4605	2	4512	2005	2005
8304	9	8305	2012	2014
862	4	166	1997	1997
1419	4	2772	2001	2009
2731	0	103	1955	1955
1726	3	5172	1987	1995
4898	2	4478	2007	2008
3147	2	4941	2002	2004
6053	9	9484	1953	1953
693	2	5046	2013	2014
4406	2	4489	2003	2004
282	8	7860	1989	2004
8425	9	8426	2012	2012
5624	3	5377	1959	1960
2230	0	129	1937	1937
2051	8	7659	1996	1996
10211	9	10212	1947	1948
2878	3	5199	1994	2008
3187	4	3379	1947	1953
1896	9	9138	1876	1879
1616	0	1617	1992	1992
5805	3	5410	1979	2012
2849	2	5098	2009	2010
2651	8	7659	1962	2001
6570	5	6450	1931	194
4996	2	4845	2010	2011
1535	8	7684	1909	1917
8816	9	8817	1492	1492
1269	0	852	1979	1979
3694	4	1536	1966	1971
1840	4	2842	1974	1979
1459	3	5177	1948	1956
5854	3	5475	2000	2013
4673	2	4674	2008	2010
6189	4	1285	2001	2001
7051	5	7052	1989	1990
3797	8	7664	1945	1959
9696	9	8103	1996	2004
835	0	836	1851	1851
1362	4	6089	1963	1967
1758	2	4661	2009	2010
132	2	4690	1994	1997
2085	2	5146	2005	2006
8556	9	8557	1973	1973
10363	9	10364	1973	1973
5807	3	5341	2006	2012
4608	2	4492	2000	2002
743	0	744	1962	1962
1143	0	1144	1933	1933
6226	7	1478	1967	1967
1350	4	3632	1962	1987
10023	9	6503	307	978
1578	0	139	1937	1937
6418	5	7021	1996	1996
8603	9	8604	1986	2013
3518	3	5364	1982	1986
3088	0	83	1919	1919
10043	9	10044	1990	2004
895	0	139	1952	1952
5814	3	5894	1980	2013
3735	4	2153	1966	1999
1754	3	5198	1867	1875
1180	7	168	1969	1969
10089	9	10090	2010	2010
1804	0	1577	1915	1915
6265	4	6264	1978	1998
2137	4	6019	1922	1973
3495	0	798	1909	1909
4822	2	4390	2004	2005
8220	9	7990	2015	2016
1409	0	299	1965	1965
3265	0	1130	1900	1900
3277	4	2984	1967	1969
7915	9	8812	1899	1902
6302	4	3303	1941	1946
585	9	10561	1999	1999
4375	2	4354	2002	2006
3029	0	83	1908	1908
5587	3	5179	1978	2017
6850	5	6773	1924	1924
3386	2	4491	2004	2005
4791	2	4348	2001	2002
3111	7	79	2016	2016
3076	3	5339	1968	1968
4838	2	4860	2002	2003
5086	2	4549	1996	1997
3400	0	39	1901	1901
3024	0	1004	1966	1966
4883	2	4991	2016	2016
5197	3	5198	1987	1987
5565	3	5198	2006	2009
4379	2	4808	2005	2006
5262	3	5196	1993	1996
4723	2	4246	1996	1998
9891	9	7958	2002	2002
1213	4	1286	1946	1976
2462	2	4350	2010	2010
2962	0	139	1931	1931
702	4	2099	1998	1998
6506	5	6429	1969	2000
3526	4	2686	2002	2005
2112	6	7455	1970	1989
8286	9	8287	2014	2020
5411	3	5386	1999	2013
1839	4	576	1973	1983
3185	0	103	1907	1907
10172	9	10173	1976	1976
2751	0	79	1973	1973
5993	7	1844	1969	1969
5957	3	5179	1973	1985
4898	2	4544	2005	2006
4636	2	4709	2005	2008
4732	2	4356	2016	2016
3466	2	4705	1996	2004
1637	4	3116	1980	2011
1463	3	5417	1928	1930
2299	2	4504	1995	1998
1790	7	555	1998	1998
4957	2	4609	2003	2016
4505	2	4331	2010	2011
4602	2	5154	2002	2006
859	0	275	1937	1937
5606	3	5405	1991	2006
6181	5	7107	1890	1908
9738	9	9739	2013	2004
587	8	7661	1990	1997
4965	2	4283	2007	2009
7467	6	3865	1994	1997
3368	0	125	1953	1953
8402	9	8403	2009	2011
6457	5	7028	1996	2010
3031	3	5824	2000	2000
264	0	265	1969	1969
2913	7	55	1817	1817
5584	3	5172	1963	1974
4274	2	4236	1999	1999
3114	3	5163	1999	1999
1915	3	5281	2014	2014
1336	2	4987	2015	2015
2252	8	7659	1940	1968
7564	9	8230	2010	2010
2041	7	836	1965	1965
7475	6	3957	1960	1964
2418	7	17	1844	1844
4745	2	4854	2009	2012
8044	9	8045	1989	1992
2301	4	2305	1986	1986
1232	4	1760	1966	1966
7641	8	7674	1836	1841
505	8	7665	1929	1945
4675	2	4354	2004	2008
1386	3	5225	1938	1946
547	7	168	1972	1972
1216	6	7456	1963	1964
3546	8	7656	1980	2016
6117	4	6116	1959	1978
8755	9	8756	1895	1900
1264	0	83	1950	1950
5854	3	5336	2013	2013
7488	8	7659	1854	1865
2006	0	301	1969	1969
1381	6	3973	1958	1961
4398	2	4853	1992	1995
1883	3	5198	2004	2014
4622	2	4604	2009	2010
561	4	1582	1974	1977
2846	0	30	1971	1971
4255	2	4700	2016	2016
1498	0	1361	1940	1940
4525	2	4567	2009	2009
4248	2	4878	2010	2014
1544	0	1028	1917	1917
3905	4	6032	1903	1919
2311	0	1403	1884	1884
1666	0	1667	1935	1935
2197	7	139	1998	1998
5320	3	5360	2009	2010
9297	9	10534	1884	1884
713	3	5758	2004	2009
1415	4	3692	1983	2014
4398	2	4541	1993	1994
2666	3	5943	2008	2015
5930	3	5156	1923	1946
1043	3	5838	2012	2014
2848	0	424	1960	1960
4569	2	4651	2010	2011
4652	5	6466	1959	1984
10474	9	7875	2008	2011
1226	0	79	1980	1980
2558	8	7683	2007	2020
1267	7	103	1979	1979
1854	7	738	1907	1907
7837	8	7829	1991	1991
2626	2	5149	2006	2006
1495	3	5465	1954	1962
8772	9	8773	2011	2012
3094	0	323	1991	1991
761	0	762	1923	1923
4960	2	4663	2001	2002
8040	9	8041	1991	1993
2635	9	9716	1957	1957
5566	3	5709	1999	1999
4611	2	4489	1990	1994
10092	9	9700	1879	1901
5853	3	5179	1999	2016
2345	3	5165	1940	1944
724	0	137	1922	1922
1993	3	5445	2012	2012
2631	2	4492	2011	2014
9141	9	9142	2000	2000
5698	7	217	1984	1984
5895	9	8851	1958	1958
4571	2	4254	2001	2002
8021	9	9777	1988	1989
365	9	8907	2009	2014
4399	2	4802	1995	1997
2269	2	5021	2004	2005
1721	3	5198	2014	2014
1693	0	1454	1958	1958
6409	5	6410	2009	2012
509	9	8686	1917	2012
4844	2	4293	1988	1989
2926	8	7726	2015	2017
3349	8	7717	2004	2005
1745	7	199	1991	1991
3166	3	5562	2000	2010
5843	3	5249	1925	1936
718	7	94	2003	2003
2454	3	5375	1907	1927
2551	7	7501	1911	1911
821	4	1546	1969	1982
7825	8	7664	1945	1964
4866	2	4612	1991	1992
3647	8	7767	1965	1979
632	7	103	1974	1974
7648	9	10159	1995	1995
3736	4	6146	1949	1955
3134	0	83	1915	1915
819	2	4877	2013	2014
113	2	4731	2010	2011
1899	4	956	1984	2019
4546	2	4368	2010	2011
3501	0	1008	1904	1904
3798	0	738	1848	1848
1848	8	7753	1905	1933
2277	0	196	1952	1952
3262	8	7860	1989	2012
5749	3	5317	1966	1971
5528	3	5179	2016	2016
5576	3	5577	1991	1991
7637	9	9510	1936	1936
5478	3	5479	1920	1934
3712	8	7654	2009	2013
4086	3	5634	1977	1996
238	9	8114	1999	2000
2305	4	2301	1986	1986
8593	9	8594	1335	1545
690	4	5989	1953	1994
5280	3	5220	1965	1966
4369	2	4348	1998	1999
8134	9	8135	1996	2015
1959	8	7739	1979	1985
5481	3	5397	1831	1831
3696	3	5250	2002	2010
1600	4	2399	1998	1998
1550	2	4354	2004	2006
4996	2	5016	2016	2016
1918	0	139	1981	1981
3260	9	8980	1668	1676
7773	8	7807	1992	2007
1709	6	3848	1951	1956
8154	9	8155	1961	1961
4383	2	4819	1988	1991
219	2	4702	1992	2002
3029	9	8095	1939	1939
1397	2	4477	1997	1998
1038	0	245	1914	1914
7362	5	7363	100	2017
4874	2	4386	2003	2004
6093	4	2395	1992	1995
1552	0	111	1926	1926
110	7	79	2005	2005
2019	0	83	1987	1987
4269	2	4981	2006	2007
927	6	3884	1963	1966
10480	9	10481	1908	1932
4505	2	4633	2006	2009
5324	3	5214	2009	2014
38	9	9117	1929	1932
4861	2	4914	1997	1998
3478	2	5141	2006	2009
4622	2	4530	2007	2007
2251	9	8141	1973	2016
108	0	109	1894	1894
4344	5	6925	2003	2006
1719	4	2557	1990	2001
6031	7	79	2002	2002
834	2	5114	2007	2008
1625	8	7724	1920	1946
1101	7	53	2001	2001
1912	8	7807	2001	2007
4014	1	4008	1988	2012
5660	3	5179	1986	1986
3031	0	880	1960	1960
2757	0	424	1945	1945
10476	9	10477	1914	1942
10	2	4811	2001	2003
4617	2	4854	1997	1998
3725	2	4696	2002	2004
2620	7	139	1956	1956
4023	1	4024	2005	2005
2610	3	5423	1984	1988
1197	0	1198	1984	1984
5329	3	5824	2009	2014
2882	4	1947	2011	2020
4126	1	4207	1924	1942
704	0	705	1957	1957
6084	7	1674	1992	1992
7615	9	7972	1983	1983
6598	5	6599	2012	2017
3800	3	5190	1990	1997
558	4	3002	2016	2018
1727	3	5224	1985	1986
4505	2	5085	2015	2016
5674	3	5198	1852	1870
278	8	7708	2000	2001
3527	2	4601	1992	1995
318	0	30	1972	1972
9797	9	9798	1933	1936
1678	3	5542	1955	1964
621	9	9881	1983	2004
1864	8	7684	1913	1917
3759	0	1953	1958	1958
5718	3	5224	1918	1921
994	8	7652	1931	1945
7243	5	7244	2011	2016
8154	9	9913	1972	1972
5265	3	5365	1981	1986
7203	5	7204	1977	1994
3240	2	4377	2015	2016
4975	2	4487	2010	2015
4794	2	4341	2010	2011
6134	7	7525	2005	2005
4185	1	3822	1946	1962
2062	3	5256	1984	2001
1500	4	1126	1947	1983
6027	4	6026	1948	1970
2565	3	5425	2009	2011
4949	2	4388	2008	2013
856	0	89	1946	1946
2768	3	5198	1926	1948
1031	4	645	2001	2012
85	7	139	1974	1974
1922	0	889	1941	1941
7589	8	7731	1992	2013
2834	3	5610	2007	2012
4608	2	5050	2005	2008
3437	0	674	1835	1835
6167	4	2775	1990	1990
9139	9	9140	2013	2013
5514	4	5750	1991	2015
1124	4	6181	1886	1908
2164	4	688	1989	1989
1987	0	1222	1907	1907
1691	0	1164	1909	1909
2873	2	4821	1997	1999
6164	7	346	1996	1996
3451	0	103	1989	1989
219	2	4855	2014	2015
78	0	79	1910	1910
5582	3	5172	1964	1966
4864	2	4317	2008	2011
4628	2	4348	2002	2003
9658	9	9659	1950	1984
1523	7	57	2016	2016
2129	8	7653	1948	1948
7863	8	7790	1924	1930
2727	3	5651	1931	1944
4775	2	4291	2005	2005
5578	3	5179	1965	1973
1888	9	8077	1938	1961
6632	5	6592	2010	2010
4864	2	4521	2010	2011
3082	7	1405	1898	1898
1231	0	332	1904	1904
3655	0	55	1959	1959
980	2	4676	2013	2013
1800	3	5389	2012	2012
3322	4	2538	2014	2014
4600	2	4873	2009	2010
530	4	324	2017	2022
4525	2	4690	2002	2009
3712	0	705	1970	1970
3203	8	7726	2015	2015
846	2	4596	2002	2003
725	3	5239	1997	1999
3147	2	4506	2006	2007
3416	0	2316	1902	1902
5568	3	5367	1931	1935
2848	8	7679	2007	2011
4804	2	4238	1997	1997
8021	9	8189	1973	2010
1268	0	139	1941	1941
4332	2	4967	2016	2017
503	2	4496	1999	2000
2452	9	8737	2013	2016
907	0	265	1970	1970
2606	3	5211	1977	1988
5555	3	5934	1966	1983
3542	3	5340	1952	1952
9198	9	9199	1949	1990
932	7	301	2013	2013
4438	2	4596	1989	1990
2234	0	748	1964	1964
3788	0	79	1961	1961
4413	2	4366	1997	1998
1300	0	224	1930	1930
778	0	779	1986	1986
5473	9	7947	1980	1980
4383	2	4291	1989	1989
2763	0	295	1769	1769
4164	1	4165	1980	2007
9341	9	8835	2002	2002
1358	0	111	1948	1948
1965	3	5365	2013	2015
3805	8	7653	2011	2011
10252	9	10253	100	2009
1651	8	7685	1980	1997
598	8	7659	1986	2006
4605	2	4685	2009	2011
3235	7	470	2014	2014
1391	3	5340	1996	2002
4713	2	4714	2002	2003
3009	0	898	1880	1880
7705	8	7681	1901	1909
1288	7	975	2015	2015
4336	2	4731	2010	2011
5316	3	5339	1981	1981
100	7	555	1987	1987
4668	2	4475	2013	2016
3760	7	139	1995	1995
4413	2	4512	1991	1992
1691	7	685	2002	2002
1143	9	8958	2006	2006
2117	0	1577	1939	1939
1912	8	7698	2012	2012
3031	3	5163	2000	2003
7570	8	7724	1945	1946
3617	4	2982	1994	2021
9353	9	9899	1982	1982
4569	2	4240	2010	2012
6318	7	30	2009	2009
3593	3	5290	2004	2004
6901	5	6658	2006	2007
933	4	2650	1991	2001
6329	5	6330	1967	2016
2072	3	5676	1999	2003
9048	9	9417	1994	2014
5488	3	5467	1886	1886
6069	4	6070	1940	1988
2131	3	5179	1997	1999
7874	9	7875	2002	2008
6211	7	69	1992	1992
769	0	770	1910	1910
2068	8	7653	2014	2014
6255	7	253	2017	2017
10160	9	10161	1830	1830
6232	7	1385	1966	1966
541	4	3330	1915	1919
10302	9	10303	1950	1950
7124	5	7125	1926	1978
1059	2	5134	2007	2007
5074	2	4519	2003	2008
2354	2	5105	2003	2006
4316	2	5124	2014	2016
8459	9	9717	2000	2003
3374	2	4504	2011	2012
5466	3	5179	1954	1978
1814	0	975	1929	1929
5947	3	5256	1928	1956
3513	2	4390	1995	1997
895	3	5339	2008	2016
4771	2	4317	2009	2011
3215	4	1193	1940	1950
3626	2	4283	2014	2014
949	0	812	1982	1982
6823	5	6442	1997	1997
6135	4	6136	1953	1960
2456	3	5268	1994	2012
7298	5	7081	1988	2002
3114	3	5166	1999	1999
2109	0	1439	1926	1926
1974	0	1622	1760	1760
2210	3	5179	1998	2005
3786	8	7788	1994	1994
3337	3	5263	1987	2000
5697	7	1361	1974	1974
4517	2	4448	2010	2013
4417	2	4342	2007	2008
5766	3	5513	1939	1943
4395	2	4264	2009	2009
3239	8	7799	1991	2005
4625	2	4786	2010	2012
2025	1	3819	1952	1958
1053	9	8345	100	1969
5851	7	366	2017	2017
3747	7	149	2008	2008
3096	0	15	1948	1948
6811	5	6421	1987	1993
4332	2	4476	2011	2012
2281	0	79	1947	1947
4917	2	4259	2012	2014
2039	0	667	1929	1929
920	0	79	1968	1968
5997	4	5998	1936	2004
8248	9	8249	1961	1961
7819	8	7740	2002	2010
630	2	4720	1994	1995
5438	3	5321	2010	2011
1521	8	7668	1996	1997
1066	9	9302	1943	1949
1827	2	5132	2001	2002
3351	4	2947	2000	2015
3769	4	3186	1980	2014
2198	0	83	1911	1911
2878	3	5172	1987	1994
7648	7	729	1999	1999
2698	0	103	1854	1854
345	0	346	1983	1983
3304	7	2086	1988	1988
1579	8	7730	2003	2016
7491	8	7659	1876	1897
680	0	681	1939	1939
3724	0	79	1918	1918
5541	3	5656	1999	2006
4656	2	4698	2003	2010
4297	2	4236	1999	1999
8768	9	8769	2012	2014
4681	2	4956	2008	2010
3636	9	9285	1940	1940
8517	9	8472	720	845
1174	0	463	1952	1952
3629	0	435	1874	1874
2431	2	4352	1999	2001
2140	2	4501	2000	2001
4548	2	4786	2004	2005
2598	7	79	2010	2010
660	3	5520	2000	2001
5685	3	5179	1988	1989
6280	8	7659	1995	2019
201	8	7683	2007	2007
992	4	2899	1994	2008
2899	4	992	1994	2008
1199	7	139	1961	1961
8925	9	8926	1992	1996
4858	2	4478	1995	1996
2672	4	1711	1983	1997
2001	0	945	1867	1867
7288	5	7289	2017	2017
3594	8	7652	1940	1945
9553	9	9554	2010	2010
3326	3	5247	2010	2010
7495	8	7852	1984	1990
6477	5	6478	2011	2011
2511	2	4889	1989	1990
2586	8	7653	1970	1970
7627	7	77	1992	1992
4805	2	4466	2015	2016
4533	2	4894	2009	2009
989	3	5246	1987	1989
6534	5	6535	2014	2015
8459	9	10095	2015	2015
6073	7	295	1962	1962
4851	2	4370	2004	2006
570	3	5224	1866	1875
5720	3	5721	1966	1982
1672	0	301	1955	1955
2638	4	1057	1954	1955
7772	8	7653	1847	1879
4311	2	4253	2000	2001
10592	9	9712	2013	2016
113	2	4924	2014	2014
7755	8	7660	1912	1916
4209	1	3886	2008	2019
2743	8	7659	1994	1994
3723	3	5271	2005	2005
3243	2	4519	2013	2014
3285	4	1372	1918	2002
7673	8	7654	1872	1886
2165	6	3886	1964	1973
4297	2	4281	2003	2003
2469	0	139	1938	1938
9299	9	9539	2014	2014
749	8	7794	1998	2001
5568	7	1289	1958	1958
6259	7	240	1987	1987
322	2	4504	2006	2008
2433	4	1539	2010	2021
3974	1	4003	2002	2002
3793	0	83	1895	1895
5352	3	5172	1987	1987
1225	4	3642	1966	1972
3626	2	5072	2004	2005
260	0	69	1971	1971
117	0	118	1930	1930
6706	5	6707	1946	1999
841	3	5540	1995	2008
4251	2	4475	2004	2007
3286	4	2103	1961	2013
6997	5	6998	1987	1989
1786	9	9392	1968	1971
4550	2	4492	1995	1996
4568	2	4824	2016	2017
6154	4	6155	1930	1961
4943	2	4481	2008	2009
3492	7	310	1957	1957
5777	3	5868	1978	1988
4594	2	4434	2000	2001
6585	5	6586	2000	2000
8637	9	8638	1950	1950
6281	7	7542	2004	2004
5832	3	5426	1968	1972
7440	7	1065	1989	1989
1463	3	5195	1918	1928
4543	2	5111	2012	2013
5272	3	5239	1996	1997
2580	3	5187	2001	2016
2493	0	806	1988	1988
58	9	8864	2016	2016
3390	8	7743	1990	1994
1793	3	5177	1937	1939
315	9	9872	2009	2009
4898	2	4371	2003	2004
1334	4	6094	1955	1974
1735	2	5072	2003	2003
7651	8	7830	1921	1925
4243	2	4384	2011	2012
2626	2	4931	2006	2007
712	0	674	1951	1951
4738	2	4321	1998	2000
2191	0	103	1897	1897
1882	4	1119	1968	1968
4689	2	4853	2011	2011
1834	2	4978	2013	2014
562	9	10406	1968	1969
3034	4	1442	1990	1991
5590	3	5325	2006	2007
585	9	10282	1997	1997
6024	7	650	1935	1935
1352	4	1106	1996	1996
867	8	7677	1925	1931
1468	8	7653	1855	1857
10497	9	10498	2006	2007
4453	2	4341	2015	2016
3119	0	83	1965	1965
607	3	5176	1997	1998
4134	1	4175	1966	1966
807	3	5169	2012	2012
3396	0	1060	1991	1991
2826	9	8026	1956	1959
9017	9	9018	1993	1993
4804	2	4541	2009	2009
5329	3	5457	2014	2014
7553	7	770	1947	1947
6294	7	135	1998	1998
4617	2	4310	1979	1983
136	8	7847	1993	1994
9507	9	8009	1837	1847
5929	9	9010	1929	1954
2744	6	3870	1994	2009
6156	4	352	1932	1934
3758	2	5060	1990	1993
9767	9	9768	1866	1904
3429	0	67	1902	1902
509	6	3937	1940	1946
291	2	4448	2003	2003
3600	2	4487	1991	1992
9011	9	9012	2009	2009
300	2	5048	2015	2016
385	6	3924	1961	2013
3624	4	460	1964	2012
3495	4	6157	1930	1935
190	4	3748	1994	2015
893	3	5247	2000	2004
5984	4	1117	1174	1174
6554	5	7262	2007	2007
4594	2	4329	1999	2000
5917	3	5535	1985	1987
4326	2	4342	2006	2015
7127	5	7325	100	2011
5458	3	5202	2014	2016
5653	3	5670	1935	1936
1306	2	4891	2000	2003
6984	5	6792	2006	2010
4507	2	4655	2008	2009
543	4	3718	1951	1980
6204	7	2417	1694	1694
5784	3	5479	1924	1924
1874	0	3	1945	1945
8459	9	9976	2004	2013
4678	2	4234	2006	2009
6173	7	7513	1993	1993
8100	9	9945	2014	2014
7648	9	9665	1995	1995
9910	9	9911	2015	2015
2181	0	589	1948	1948
1414	9	8633	1975	1993
1652	0	9	1945	1945
1964	0	529	1974	1974
5366	3	5634	1959	1983
5830	3	5670	1978	1981
1221	0	1222	1894	1894
4905	2	4661	1992	1993
5922	3	5923	2011	2014
5908	3	5179	1992	2011
6544	5	6545	2011	2011
8021	9	9365	1975	1981
7635	9	10339	2008	2008
1501	7	3	1967	1967
5877	3	5360	1984	1988
3333	0	15	1932	1932
7932	9	10434	2011	2011
7600	8	7681	1903	1909
904	7	79	1968	1968
2038	2	4651	1994	1996
3094	2	4817	2011	2014
1810	8	7653	1984	1984
3445	3	5321	2002	2006
786	0	67	1832	1832
3624	7	79	2012	2012
1909	0	83	1952	1952
5932	3	5523	1928	1933
5488	3	5489	1893	1906
4716	2	5102	2010	2012
980	2	4624	2008	2009
7547	8	7674	1838	1848
4218	1	4219	1978	1985
3455	0	51	1917	1917
2338	2	4238	2000	2001
844	2	4481	2005	2006
2143	7	323	1978	1978
2111	7	7542	1980	1980
2647	4	6160	1939	2015
1775	3	5339	1992	2005
3541	7	199	2006	2006
5506	3	5386	1975	1985
114	4	3721	1970	1979
1773	6	7446	1940	1970
8595	9	8596	2014	2014
4419	2	4414	2004	2005
2753	4	3716	2011	2012
938	0	395	1862	1862
2157	3	5177	1975	2020
3942	1	4027	1911	1916
2912	0	1028	1960	1960
6245	7	3	1964	1964
14	4	6268	1968	2001
3717	2	5089	2003	2004
4840	2	5093	2013	2014
5794	3	5179	1993	1997
1404	3	5261	1964	1965
5955	3	5864	1972	1999
2867	4	1184	2016	2016
10315	9	10316	2013	2013
2033	0	139	1887	1887
1588	0	139	1983	1983
1593	6	3831	1975	2014
1123	0	139	1905	1905
1461	3	5842	1992	1995
7623	7	2563	1932	1932
2645	2	4283	2011	2013
1799	4	3300	2010	2010
4790	2	4663	2004	2008
4960	2	4672	2008	2009
9081	9	9082	1904	1936
3684	8	7730	2003	2004
1463	3	5204	1930	1932
4646	2	4335	2011	2013
503	2	4526	2008	2009
6099	7	253	1982	1982
2854	0	273	1918	1918
4839	2	4696	1996	2001
6178	4	1803	1967	1978
7071	5	7072	100	2001
3774	8	7735	1974	1981
1252	0	30	1986	1986
1937	6	7445	1986	1998
2345	3	5274	1896	1914
587	8	7846	1997	2005
755	0	602	1969	1969
3287	4	3775	1995	2016
5783	7	111	1901	1901
1593	0	586	1947	1947
6320	7	53	1948	1948
511	0	165	1990	1990
4326	2	4728	1998	2005
5298	3	5377	1815	1818
6036	4	6109	1960	1967
5948	3	5367	1905	1924
4772	2	4310	1993	1994
4649	2	4314	2014	2015
107	4	2278	1918	1925
6355	5	7274	1924	1968
4780	2	4317	2009	2011
1106	4	1352	1996	1996
159	0	83	1934	1934
2735	8	7764	1979	1986
2824	9	8161	1974	1974
7061	5	7062	100	2015
8154	9	9001	1960	1960
4	6	7453	1974	2003
10336	9	7875	2005	2011
9443	9	9444	2016	2016
6972	5	6408	1990	1996
5080	2	4254	2009	2010
4540	2	4621	2001	2001
3934	3	5310	1993	2006
7486	7	384	1994	1994
4943	2	4407	2007	2007
1824	9	8570	2012	2012
44	0	45	1971	1971
8730	9	8731	1995	1995
140	0	141	1864	1864
714	0	384	1971	1971
3610	6	3957	1944	1980
1496	6	7448	1962	1977
1701	0	9	1878	1878
3752	0	83	1918	1918
4258	2	4259	2007	2008
4312	2	4254	2011	2011
2229	0	290	1979	1979
6018	4	3543	1953	1965
6321	5	6322	100	1999
2410	4	1819	2008	2008
2504	4	1189	1953	1980
5851	9	9455	1986	1986
1002	0	332	1908	1908
9812	9	9813	1966	1966
4829	2	4377	2011	2011
5041	2	4855	2015	2015
2492	9	9182	1999	2003
4455	2	4637	2007	2010
3377	3	5365	2001	2008
3414	3	5414	1980	1980
1747	2	5115	2014	2014
1586	0	79	1953	1953
657	8	7654	2016	2016
3070	4	2648	1940	1965
5487	3	5232	1956	1962
1524	3	5286	1987	1994
6673	5	6457	2010	2010
1138	6	7456	1927	1929
8119	9	8607	2002	2002
115	6	7435	1963	2009
1516	9	8237	1973	1973
9534	9	8148	2008	2008
6755	5	6756	2014	2017
8915	9	8916	1996	2006
1264	4	3000	1983	1989
1864	0	163	1866	1866
6527	5	6528	1962	2000
2902	3	5307	1947	1948
4533	2	4481	2010	2011
2862	9	10326	2002	2002
2182	0	69	1947	1947
6201	4	3704	1945	1996
885	7	79	1978	1978
1972	4	2841	1924	1970
1087	0	75	1899	1899
3375	4	6212	2013	2013
1294	1	3909	1986	1993
7616	8	7653	1848	1848
1117	4	6000	1171	1174
998	0	848	1879	1879
1162	6	4204	1985	2009
2463	0	79	1948	1948
4245	2	4420	2014	2015
2728	3	5607	1946	1951
7565	8	7792	1904	1910
6280	4	2978	1991	2019
2461	6	3823	1930	1933
3139	0	118	1943	1943
2577	4	6222	1962	1965
2606	3	5874	1988	1990
4608	2	4372	2008	2010
982	4	2667	1985	1985
7078	5	7079	1996	2018
593	7	79	1931	1931
789	4	2325	1999	1999
7328	9	8238	2017	2017
2336	0	1110	1894	1894
1174	8	7658	1999	2001
6051	4	1318	1946	1954
208	5	6854	1902	1902
1102	0	1103	1974	1974
2990	0	542	1909	1909
7540	8	7672	1947	1954
116	3	5305	1947	1969
2796	6	3848	1941	1945
2920	3	5894	2003	2003
625	4	1333	2003	2003
3490	3	5341	2009	2012
9259	9	9260	1878	1982
5452	3	5503	2001	2012
1872	4	1029	1951	1990
5478	3	5261	1915	1918
5660	3	5379	1986	1991
259	3	5744	1992	2000
1392	7	83	1998	1998
2661	4	2832	2016	2016
2673	2	4354	2003	2010
1235	0	149	1892	1892
588	4	920	2005	2013
722	7	103	2016	2016
6020	7	26	1972	1972
5645	3	5602	2009	2015
4295	2	4831	2008	2015
2289	8	7677	1917	1931
3744	0	940	1987	1987
3240	2	4593	2007	2008
3609	7	894	1988	1988
1079	2	5058	1989	1992
3222	2	4871	2005	2005
2481	7	168	1988	1988
1495	7	79	1988	1988
4495	2	4853	2002	2003
3333	6	7455	1954	1961
3237	8	7655	1993	2012
4617	2	4773	1996	1997
817	2	4974	2000	2001
4723	2	4370	1994	1995
6018	7	77	2014	2014
2930	0	28	1926	1926
5189	3	5190	1991	1992
5834	3	5410	2003	2003
4867	2	4801	2013	2014
6483	5	6484	1998	2015
3606	0	1028	1982	1982
2250	3	5172	1975	1994
6638	5	7025	1917	1939
1003	4	2159	1946	1961
3400	3	5179	1950	1953
511	2	4267	2007	2009
25	0	26	1969	1969
5304	3	5307	1999	1999
4139	7	2875	2003	2003
9015	9	9016	1943	1958
2478	0	26	1910	1910
6267	7	438	1951	1951
3530	2	4895	1995	1996
1236	2	5140	2015	2016
6418	5	7050	1996	1996
3074	4	3213	1910	1975
3265	7	975	1974	1974
910	6	7469	1807	1864
2038	2	4547	2004	2005
9650	9	9651	1970	1974
6198	4	1010	1959	1969
2849	2	5064	2008	2008
947	8	7654	2016	2016
2678	0	103	1902	1902
3247	3	5225	1969	1983
5982	4	5983	1943	1962
283	5	7147	2002	2017
3569	1	3823	1984	1985
592	3	5243	1958	1965
7369	5	7370	999	1957
5471	3	5204	1938	1940
7745	8	7866	2000	2002
8908	9	8909	1998	2001
2587	7	83	1991	1991
5822	3	5464	2005	2006
2342	4	3005	2014	2014
2360	7	71	1968	1968
3317	9	9528	1997	1997
7756	8	7654	1994	1994
4255	2	4830	2007	2008
551	7	139	1974	1974
0	0	1	1945	1945
4332	2	4936	2012	2013
3192	0	424	1979	1979
2587	3	5172	1987	1991
4581	2	4240	1989	1995
6445	5	6446	100	1936
5836	7	79	1981	1981
9155	9	8881	1986	2016
1167	7	2688	1991	1991
511	2	4509	2011	2012
2607	0	1006	1961	1961
7826	8	7652	1931	1944
3348	4	564	2007	2012
1169	0	17	1938	1938
6272	4	6271	1954	1989
2939	7	9	1973	1973
369	0	370	1970	1970
4619	2	4722	2016	2016
1236	0	283	1991	1991
1134	0	1135	1762	1762
298	9	10176	1724	1806
1057	4	2638	1940	1956
4383	2	4509	1993	1994
4007	1	3894	1974	1980
4396	2	4552	2007	2009
4311	2	4591	1999	2000
4243	2	4323	2002	2003
6379	5	6380	1999	2007
2080	0	137	1972	1972
5971	4	484	1886	1939
1012	1	4105	1960	1963
7751	8	7752	1994	2009
2645	0	424	1992	1992
3454	4	3792	1995	1995
497	4	3388	1991	1991
4349	2	4992	2008	2009
2691	3	5732	1950	1960
130	2	4956	2007	2009
2822	0	1287	1962	1962
1159	0	923	1964	1964
7814	8	7680	1848	1848
3466	0	1413	1986	1986
1943	4	2437	2002	2002
6068	7	224	1951	1951
980	2	4637	2004	2007
5283	3	5727	1814	1830
8092	9	8093	-405	2022
5558	3	5176	1807	1809
5522	3	5815	2006	2019
3013	4	3635	1999	2003
2546	1	3924	1942	1983
1502	8	7834	2013	2013
2374	4	6210	1933	1974
2714	3	5176	1900	1943
443	4	2405	1958	1985
7258	5	7259	1901	1903
3196	8	7701	1981	1988
3330	4	541	1915	1919
90	2	4452	2003	2007
1517	2	4922	1996	1998
3090	2	4977	1996	2000
1169	9	8217	1890	1990
713	3	5313	2009	2016
9386	9	9684	2008	2008
3342	8	7674	1833	1848
160	2	5017	2010	2012
860	4	593	1926	1931
4091	1	3848	2003	2020
1524	3	5336	1984	1987
8215	9	8216	1960	1960
6776	5	6777	1960	1968
3408	2	4489	1997	1999
5749	3	5339	1946	1947
7918	9	7996	1969	1970
1231	7	55	1990	1990
1891	3	5960	1974	1975
154	0	155	1941	1941
2388	0	30	1907	1907
2429	4	2942	1997	2014
7149	5	6691	2000	2000
7693	8	7708	2000	2003
6127	7	2521	1984	1984
9744	9	9745	2016	1536
447	2	4983	1997	1998
1522	6	7446	1929	1985
3654	7	83	1993	1993
6877	5	6844	795	2016
4578	2	4845	2015	2016
227	4	2822	1994	1994
709	3	5186	1965	1973
9097	9	9098	1971	1971
3048	7	168	2015	2015
1748	2	4757	2003	2004
7634	8	7653	1843	1855
5167	3	5168	2004	2010
4497	2	4762	2006	2010
160	2	4918	2012	2013
1944	0	1945	1877	1877
10126	9	10127	2008	398
4444	2	4891	2006	2008
2472	8	7749	2005	2021
3787	1	3865	2003	2003
4912	2	4945	1994	1995
2749	4	754	1984	2016
4351	2	4806	2001	2001
541	7	105	1969	1969
2153	4	3735	1966	1999
3512	8	7670	1998	2007
7884	9	7885	1857	1904
1773	6	4024	1937	1940
6253	8	7663	1811	1828
2247	4	1435	2011	2011
4343	2	5058	2005	2008
1832	4	6060	1949	1954
5478	3	5402	1913	1915
2741	4	6059	2004	2017
195	8	7677	1926	1931
9919	9	9920	2014	2014
4790	2	4299	2009	2010
2134	7	1303	1824	1824
1079	2	4854	1997	1998
4525	2	4893	2007	2009
5690	3	5353	1998	2008
2293	6	3848	1972	1974
2939	4	2987	1935	1969
3724	3	5278	1974	1983
4828	2	4236	2004	2008
4507	2	4878	2002	2008
3462	3	5239	2001	2005
1517	0	1518	1976	1976
2449	0	139	1927	1927
8457	9	8458	2011	2011
698	0	176	1971	1971
4587	2	4236	1991	1991
1346	9	8943	1938	1938
1325	0	168	1959	1959
3396	2	4284	2006	2007
7488	7	3191	1876	1876
1160	0	139	1869	1869
6113	7	39	2003	2003
3676	9	8924	2015	2015
8197	9	8198	1963	1992
5650	3	5224	1899	1920
4716	2	4479	2005	2006
5447	7	199	2005	2005
6314	4	2476	1956	2011
4840	2	4845	2008	2009
6049	7	1361	1960	1960
427	0	428	1966	1966
2140	2	4387	2009	2009
3208	7	779	1999	1999
261	0	35	1928	1928
429	0	424	1989	1989
106	4	2226	1984	1999
291	2	4701	2010	2012
1539	4	2433	2010	2021
7019	5	7020	100	2017
3337	0	9	1930	1930
2183	7	945	1980	1980
2551	0	243	1822	1822
1364	0	1327	1939	1939
1626	4	1984	1988	1988
2576	3	5871	1982	1982
10011	9	10012	1972	1989
1903	4	1472	2010	2016
3180	3	5330	1996	1996
3223	0	30	1927	1927
2700	0	273	1951	1951
7629	7	567	1951	1951
5014	2	4275	2010	2012
497	0	101	1971	1971
2243	7	1667	1995	1995
1729	0	9	1898	1898
1673	4	623	2007	2009
2368	4	360	2007	2021
3329	0	240	1930	1930
1511	0	103	1895	1895
6967	5	6968	1927	1943
7775	8	7829	1991	1991
849	2	5072	1993	2003
5499	3	5483	2016	2016
6251	7	1659	1978	1978
4942	2	4705	2005	2006
3396	2	4466	2010	2010
5773	3	5842	1960	1965
3503	7	30	2013	2013
4850	2	4824	2011	2012
4562	2	4339	2007	2007
2505	0	199	1887	1887
991	9	10397	2006	2008
1640	3	5406	2001	2009
2615	0	99	1990	1990
2300	2	5143	2005	2005
2681	0	515	1747	1747
8531	9	8532	1996	2002
7624	7	346	1960	1960
2850	6	3870	1966	1966
5433	3	5179	1959	1960
430	6	4083	1959	1997
2899	0	388	1968	1968
1557	0	196	1856	1856
7533	8	7653	1848	1865
294	3	5520	1983	2005
5818	6	4149	1954	2020
2825	7	3	1997	1997
6418	5	6969	1996	1996
8805	9	8806	1963	1963
3439	7	470	2009	2009
5282	7	1817	2014	2014
5148	2	4931	2014	2014
4732	2	4478	2010	2012
1762	0	894	1921	1921
3082	9	10138	1871	1871
1599	7	985	2012	2012
2785	4	1643	1980	1984
5416	3	5256	1889	1890
7537	7	540	1855	1855
7301	5	7302	1956	1956
7758	8	7759	1865	1868
6025	7	650	1933	1933
3535	0	20	1967	1967
1308	4	2349	1937	1975
1074	4	2500	2005	2010
2743	0	1393	1934	1934
5805	7	71	2013	2013
33	3	5395	1988	1989
6795	5	6796	1997	2004
6470	5	6471	2000	2006
9167	9	9168	2004	2004
4440	2	4552	2008	2010
3727	4	272	2004	2021
2419	2	4661	2005	2006
1097	0	199	1983	1983
1122	7	390	1998	1998
3706	0	812	1857	1857
9410	9	9411	1967	1968
3500	1	4204	2011	2021
1056	2	4524	2003	2004
5047	2	4806	2001	2001
339	4	2273	2006	2014
7858	8	7680	1848	1856
9735	9	9736	1782	1840
2160	0	83	1942	1942
1869	0	13	1957	1957
3076	3	5179	1975	1976
2194	4	3343	1986	2020
2204	0	1130	1908	1908
5722	3	5377	1965	1998
5376	3	5377	1923	1934
7245	5	7147	1994	2002
452	0	265	1976	1976
3676	9	10423	2012	2012
5036	2	4847	2016	2016
6258	4	3516	1929	1938
4568	2	4849	2008	2011
7306	5	6775	2016	2016
4571	2	5115	1986	1987
2508	4	2314	2014	2022
1514	0	217	1945	1945
3187	0	9	1885	1885
7897	9	7898	1995	1995
5253	3	5254	1970	1979
3241	7	2688	1966	1966
3620	2	4899	2014	2015
10607	9	10608	1996	1996
7163	5	6505	2006	2008
10115	9	10116	1897	1906
7622	8	7653	1884	1927
2941	4	2026	1985	2010
4255	2	4256	2013	2014
2221	0	199	1885	1885
138	4	3345	1959	1978
262	0	196	1958	1958
1434	2	4549	1995	1996
7622	7	105	1927	1927
7631	8	7827	1933	1963
5900	3	5755	2007	2007
5510	3	5307	1989	2003
5609	3	5459	1963	1990
2094	3	5198	1979	1981
2532	8	7747	1995	2002
4671	2	4833	2010	2011
10600	9	8965	1824	1987
6961	5	6962	2017	2017
1933	3	5303	1998	2003
7069	5	7070	100	2008
3565	2	4238	1994	1995
2595	7	1303	1811	1811
3466	2	5096	2004	2005
3978	1	3979	2015	2015
5260	3	5249	2013	2013
8545	9	8546	267	1936
3481	2	4932	2010	2011
1010	0	894	1934	1934
2772	4	1419	2001	2009
6343	5	6344	100	2010
3026	0	402	1965	1965
4706	2	4285	2010	2013
1420	7	1361	1988	1988
765	1	4210	1965	2000
6052	7	555	1993	1993
303	0	265	1981	1981
2871	0	103	1953	1953
2299	2	4869	1986	1988
10312	9	10313	1997	1997
592	7	139	1970	1970
134	4	2792	1998	1998
1942	0	75	1910	1910
9948	9	8881	1965	1974
8368	9	10013	2007	2007
2107	0	30	1142	1142
2350	0	1008	1925	1925
4308	2	4494	2012	2012
2651	7	3	2001	2001
122	4	3282	2014	2016
3863	6	7452	1992	1996
1834	0	1835	1988	1988
1059	0	1060	1986	1986
5014	2	4236	2001	2001
6399	5	6400	2001	2002
632	4	1038	1946	1974
4396	2	4397	2004	2005
3984	1	3985	1956	1956
5159	3	5485	1936	1943
3107	0	866	1980	1980
4470	2	4471	2010	2011
3006	4	2680	2006	2016
3533	9	8065	1939	1944
5845	3	5227	2016	2016
2969	2	4740	2010	2011
4326	2	4277	2009	2010
1888	0	463	1899	1899
760	0	170	1892	1892
937	0	449	1982	1982
5626	3	5177	1985	1988
9588	9	9589	1945	1945
8158	9	9655	2007	2007
8040	9	10174	1988	1993
521	2	4735	2007	2009
250	8	7785	1995	1997
1468	7	1469	1894	1894
6525	5	6526	100	2019
1497	3	5179	1970	1972
4533	2	4661	2007	2008
1100	4	3519	2011	2011
949	4	1473	2015	2015
1062	0	9	1914	1914
1236	2	4348	2007	2007
2156	0	139	1920	1920
7447	7	7588	1967	1967
3181	0	424	1915	1915
3536	0	67	1900	1900
2971	0	1164	1967	1967
6740	5	6741	1919	1925
5992	7	103	2011	2011
9575	9	7942	1924	1935
1414	0	139	1922	1922
4580	2	4348	1996	1998
3984	3	5389	1972	2012
3672	6	3870	1965	1971
8172	9	8173	2015	2015
3151	4	3089	1933	1961
5551	3	5437	2002	2008
3600	2	4863	1989	1991
2335	0	245	1915	1915
5446	3	5246	1980	1988
5159	7	330	1955	1955
3619	3	5391	1946	1955
1523	9	8037	1978	1978
7727	8	7669	2003	2013
1143	9	9959	1992	1992
156	2	4821	2011	2012
5484	3	5485	1949	1977
527	2	4267	1992	1992
7544	8	7843	1876	1886
4551	2	4824	2008	2011
2397	4	315	2009	2009
6056	7	139	1992	1992
3517	4	965	1952	1954
2558	8	7654	1994	2007
9830	9	9831	1992	1992
2486	0	414	1945	1945
4887	2	4740	2010	2012
961	3	5389	1973	1974
888	1	3884	1978	1984
1484	6	3872	1929	1968
6234	4	6131	1947	1953
6140	7	555	1952	1952
4718	2	4489	2010	2013
603	3	5328	1978	2002
4247	2	4356	2012	2013
3099	4	2930	1954	2008
5776	3	5248	1982	2000
8040	9	8153	2013	2013
182	7	1667	1997	1997
2955	7	79	1991	1991
980	2	4407	2012	2013
3245	8	7720	1990	1990
981	4	6176	1924	1925
2456	0	83	1928	1928
4090	9	10278	2003	2005
5683	7	103	1996	1996
1014	4	1255	2015	2016
8321	9	8322	2010	2010
891	2	4946	2004	2005
6220	4	254	1963	1971
3311	3	5195	1941	1953
514	0	515	1973	1973
1805	2	4501	1995	1996
3040	0	798	1946	1946
6418	5	6627	1996	1996
4038	1	4002	1946	1982
4862	2	5154	2004	2004
4295	2	4330	2004	2006
9153	9	9427	1995	2001
1239	3	5194	2014	2014
3030	6	7431	1878	1919
8507	9	8508	1516	1551
8652	9	8653	1981	1986
8935	9	8936	1975	1977
4643	2	4530	2008	2008
6988	5	6989	606	963
4305	2	4267	2006	2007
6106	7	168	2009	2009
1901	0	1902	1877	1877
1061	0	889	1928	1928
6910	5	6784	2009	2009
7576	8	7659	1854	1891
3356	4	6057	1940	1968
3207	7	1478	1982	1982
6875	5	6876	2012	2012
3421	7	555	1877	1877
3564	7	210	1971	1971
1383	9	8567	1975	2013
1782	0	83	1934	1934
4694	2	5055	2010	2011
5255	3	5387	1998	2001
6521	5	6522	1924	1929
2780	5	6595	1971	1986
4623	2	4376	2008	2011
81	5	6497	1972	1997
703	4	1365	1981	1996
2969	2	4454	2007	2008
7638	8	7659	1980	1980
10508	9	10509	1908	1908
963	4	112	1983	1997
2702	2	5149	2003	2004
783	0	139	1866	1866
8744	9	8745	2003	2003
1992	7	7517	1974	1974
4788	2	4717	2000	2001
7544	7	1164	1895	1895
3152	2	4524	2016	2016
1999	6	3831	1958	1961
7596	8	7833	2004	2007
4711	2	4240	1997	2005
3474	0	103	1913	1913
3120	3	5434	1990	2001
5572	9	7983	1908	1908
4588	2	5140	2001	2002
4406	2	4238	2000	2001
5950	3	5721	1965	1980
5628	3	5365	1998	2009
5935	3	5400	1987	2001
5316	7	626	1998	1998
2326	0	361	1971	1971
7217	5	6777	1956	1968
3036	9	9970	1947	1948
3012	7	1385	1976	1976
1734	6	7436	1983	1985
3107	9	9360	2002	2015
1746	3	5387	1962	2000
939	0	940	1970	1970
505	7	245	1945	1945
1670	4	2994	1984	1988
5770	3	5160	1981	1990
6208	4	2043	1985	1988
8757	9	10533	2008	2016
3533	0	1224	1915	1915
4605	2	4366	2003	2004
4162	1	4087	1972	1980
1773	7	101	1970	1970
3835	1	3967	1957	1963
4401	2	4687	2007	2008
4546	2	4764	2015	2017
2393	0	210	1968	1968
3117	0	281	1940	1940
994	0	995	1878	1878
1714	0	243	1956	1956
4760	2	4624	2013	2014
5603	7	295	1970	1970
3598	0	109	1947	1947
1993	3	5321	1999	2000
2065	4	1777	1971	1991
3542	7	1077	1984	1984
2832	0	301	1990	1990
3080	4	1700	1969	1969
3436	7	1349	1971	1971
4884	2	4900	2009	2009
6208	4	6209	1992	1994
6965	5	6966	1931	1984
697	0	151	1850	1850
6351	5	6722	1905	1940
4490	2	4348	2002	2005
1895	7	79	2009	2009
1821	3	5494	2008	2009
7777	8	7677	1917	1931
2503	3	5198	1968	1980
734	9	8234	1981	1984
1137	7	7490	1947	1947
2874	4	6100	1986	1990
3090	2	4731	2003	2004
188	0	189	1927	1927
7825	8	7652	1931	1945
5706	3	5179	1973	2013
1220	0	247	1857	1857
8751	9	8752	1996	1996
6237	7	168	1987	1987
4943	2	4773	2004	2007
4583	2	4880	1980	1982
3045	0	139	1921	1921
1181	4	444	1997	2012
3200	0	310	1963	1963
3135	0	701	1918	1918
3490	0	176	1948	1948
3489	0	24	1914	1914
2778	0	17	1934	1934
5841	3	5486	1995	1999
3349	8	7739	1980	1985
3875	1	4226	1984	1985
6231	4	1488	1950	2009
2978	8	7659	1995	2019
2897	0	32	1957	1957
637	9	8124	1939	1939
7758	8	7803	1860	1861
10016	9	10017	2006	2010
8429	9	10140	360	2008
1216	3	5179	1992	2014
4413	2	4612	1999	2001
2631	2	5133	2016	2017
6253	4	6252	1813	1842
1070	4	6289	1920	1954
4583	2	4967	1992	1993
3810	7	1413	2014	2014
2934	0	1337	1970	1970
4581	2	4717	1991	1992
3903	1	4227	1949	1954
1013	4	56	1978	2015
4805	2	4880	2012	2013
651	4	2818	2012	2012
3254	3	5477	1993	1993
1236	2	4567	2014	2015
6170	7	1478	2010	2010
1744	0	777	1809	1809
3497	0	273	1925	1925
8525	9	8526	1989	1989
5734	3	5309	1999	1999
6564	5	6565	100	2008
4493	2	4663	2001	2002
1338	2	5028	2004	2006
997	3	5666	2016	2016
1815	4	2945	1906	1917
4772	2	4773	2005	2006
2176	0	1158	1955	1955
2282	4	1778	2002	2013
358	2	4764	2016	2019
2756	0	390	1916	1916
1558	4	167	1987	1997
6312	7	55	1978	1978
719	4	3628	1986	1992
6546	5	7034	1948	1965
2802	1	4171	1962	1986
93	4	2277	2001	2002
1360	8	7655	2007	2007
5834	3	5339	2003	2017
977	4	1570	2002	2018
2138	2	4524	2012	2013
8536	9	8537	1988	1988
9038	9	9039	1966	1966
2734	0	118	1893	1893
1088	4	2788	2002	2002
3470	4	2540	1992	1992
5798	3	5441	2008	2017
3642	0	26	1922	1922
4233	2	4696	2007	2009
5385	3	5268	1967	1969
10588	9	10589	2008	2009
2255	4	6230	1952	1965
6428	5	6909	1953	1986
2952	7	959	1953	1953
4620	2	4501	2008	2008
4659	2	4469	2004	2005
1133	6	3957	1967	1972
1675	2	4246	1997	2005
2079	2	4353	2007	2009
6144	7	55	2010	2010
699	3	5340	1956	1976
5413	3	5367	1962	1969
5945	7	388	2011	2011
2072	3	5179	1990	1999
3042	8	7724	1920	1945
3498	7	79	1989	1989
3147	2	4272	2001	2002
1025	8	7728	1999	1999
4923	2	4863	2012	2012
7940	9	7941	2013	2014
4617	2	4624	1997	1997
3181	4	3474	1937	1987
178	0	28	1960	1960
6546	5	7214	1948	1966
4531	2	4920	1996	1998
3311	0	1357	1905	1905
62	0	63	1942	1942
3398	2	4422	2015	2016
7678	8	7739	1980	1986
4620	2	4593	2006	2007
4540	2	4755	2003	2005
3465	4	3573	1997	2014
2318	0	348	1983	1983
6007	4	1364	1967	1973
3399	0	1820	1757	1757
707	9	8987	2006	2011
2766	7	2073	2014	2014
2838	6	3823	1952	1955
3620	2	5134	1998	1999
6146	4	3736	1949	2001
5295	3	5390	1977	1997
9466	9	9467	1992	2010
970	7	1401	1987	1987
4286	2	4509	2004	2004
669	3	5336	2003	2004
1019	2	4407	2014	2015
3701	0	299	1952	1952
3441	0	89	1938	1938
6235	4	6236	1943	1974
9239	9	9240	1965	1966
6055	4	2722	1951	1971
6250	4	6249	1945	2005
2472	8	7717	2003	2005
201	8	7654	1981	1983
9206	9	9207	1874	1907
319	4	1873	1938	1984
5192	3	5179	2005	2009
6042	4	858	1922	1925
5522	3	5554	1986	1986
5883	3	5309	1992	2006
9927	9	9928	1979	1981
3804	3	5335	1857	1860
562	9	8825	1984	1986
4794	2	4267	2004	2005
3656	0	69	1951	1951
5510	3	5477	1986	1989
8040	9	8761	1973	1985
2213	0	103	1938	1938
5233	3	5802	1998	2012
2880	0	836	1945	1945
3792	4	3454	1995	1995
200	4	1112	1951	1966
6418	5	7011	1996	1996
6375	5	6376	2015	2015
3740	2	4524	2009	2015
2609	8	7720	1989	1990
2864	0	2865	1939	1939
2840	6	3845	1957	2013
10495	9	10496	1969	1969
2544	0	308	1982	1982
5591	7	529	2005	2005
2488	4	1279	1886	1930
1245	7	1032	1956	1956
297	0	199	1978	1978
4367	2	4236	1988	1988
2483	0	424	1934	1934
1121	4	5231	1954	2011
4834	2	4717	2010	2010
3986	1	3987	1946	1972
322	2	4929	2010	2011
4638	2	5088	2009	2010
1560	7	103	1957	1957
4752	2	4240	2006	2008
3068	3	5353	1999	2010
5895	9	8750	1953	1953
1451	6	7436	1964	1971
425	7	103	2012	2012
3765	4	3048	1971	2015
2266	0	424	1898	1898
7629	8	7654	1908	1926
3829	1	3870	1980	1981
5301	3	5261	1993	1998
5956	3	5406	2006	2006
5324	3	5648	2005	2009
429	2	5007	2014	2015
1581	0	13	1970	1970
3320	0	51	1980	1980
2339	1	4043	1974	1975
6926	5	6466	1912	1959
3283	4	6089	1955	1997
3936	1	4081	1995	2000
4278	2	4577	2009	2010
1831	8	7654	2008	2009
2969	2	4240	1996	2003
5856	7	75	1977	1977
4470	2	4377	2011	2012
1796	6	3870	1990	2012
621	0	240	1938	1938
7727	8	7685	1984	1996
4671	2	4559	2012	2013
571	4	5986	1929	1941
8374	9	8375	2016	2016
5352	7	1636	2007	2007
341	4	726	1996	2015
954	4	2457	1992	1999
4349	2	4926	2006	2007
3442	2	4524	2008	2012
1193	4	3215	1954	1971
4237	2	4807	2016	2016
2493	2	5065	2009	2014
3601	9	8388	2012	2012
2421	8	7655	2004	2004
5270	3	5271	2014	2014
4245	2	4267	2006	2007
3099	0	1241	1924	1924
4711	2	4596	1998	1999
4861	2	4849	2007	2009
4320	2	5106	1991	1993
1713	4	797	1955	1990
3391	4	1172	1955	1962
9921	9	9922	1990	642
4611	2	4370	1996	1996
4638	2	4387	2012	2014
7595	7	361	1838	1838
1678	0	925	1889	1889
526	4	1660	2014	2014
5734	3	5543	1999	2015
7484	6	7427	1908	1911
1691	6	3897	1938	1939
3325	6	4020	1979	1983
7564	9	8712	1953	1962
5818	3	5808	1993	2008
9066	9	9067	1895	1929
3713	4	665	1961	1983
431	4	2007	1996	2020
903	0	602	1960	1960
1541	3	5187	1976	1982
6062	4	6061	1939	1959
1122	4	671	1955	1990
790	8	7659	2014	2014
4534	2	4642	2005	2010
433	4	3010	1959	2002
6300	7	79	2011	2011
5976	7	103	1988	1988
2131	3	5162	1999	2009
6498	5	6382	2015	2016
7408	5	7409	2010	2012
1390	0	101	1945	1945
895	7	417	2016	2016
1225	4	2646	1960	1962
3721	4	114	1970	1979
2191	3	5198	1947	1956
2797	7	79	1969	1969
7647	7	7573	1951	1951
7671	8	7781	1917	1946
3156	4	2747	2003	2009
6462	5	6463	2008	2008
5988	7	103	1954	1954
8313	9	8314	1960	1960
7612	7	336	1930	1930
7936	9	7937	1990	2011
274	0	275	1984	1984
717	4	5973	1952	2002
7016	5	7017	1909	1931
3170	3	5486	2014	2014
3047	7	1042	2004	2004
5811	7	605	1990	1990
5629	3	5464	1994	2003
5376	3	5596	1911	1923
473	4	3491	2001	2007
1283	4	2980	1945	2016
3102	0	67	1951	1951
2139	8	7699	1982	1989
3761	7	1361	1968	1968
1919	7	2415	1963	1963
4467	2	4541	2006	2009
4907	2	4348	2004	2007
1594	9	9990	1981	1981
2582	0	880	1904	1904
2051	0	101	1944	1944
4996	2	4458	2005	2012
3574	0	103	1978	1978
1085	2	4476	1986	1986
2624	9	8881	1970	1996
7497	8	7653	1953	1953
3586	7	185	1984	1984
6870	5	6871	2015	2015
8794	9	8795	1917	1948
3037	7	83	2003	2003
5734	3	5355	1987	1990
7538	7	185	2000	2000
1369	7	540	1997	1997
5401	3	5217	2015	2015
2684	0	555	1981	1981
10163	9	10272	2015	2015
6075	8	7698	2009	2021
6536	5	6510	2004	2004
2643	0	103	1960	1960
5292	7	202	2016	2016
3405	0	2240	1933	1933
1634	3	5425	2007	2008
2726	0	959	1950	1950
2078	6	3813	1992	1993
5407	3	5321	2009	2012
1074	0	45	1972	1972
4276	2	5064	2009	2009
7732	8	7679	2007	2008
4308	2	4639	2008	2009
3225	4	2303	1985	1989
2698	8	7667	1908	1920
8581	9	8582	1987	1987
3429	6	3848	1931	1983
2022	7	1437	1975	1975
3221	8	7739	1980	1984
591	0	301	1962	1962
503	2	4491	2000	2000
1409	2	4331	1982	1983
1152	2	5146	2006	2006
5203	3	5254	1937	1962
5308	3	5349	2004	2004
2812	8	7659	1989	1989
10289	9	10290	1787	1807
4948	2	4979	2005	2006
2710	0	555	1970	1970
1961	0	75	1970	1970
10597	9	8835	1999	1999
1049	0	17	1946	1946
193	7	103	2003	2003
7485	9	9644	1976	1976
1977	0	17	1918	1918
2619	9	9941	1909	1939
5308	3	5817	2004	2004
2670	0	139	1911	1911
1632	0	55	1977	1977
1434	2	5132	1995	1995
9388	9	9334	2005	2011
9308	9	9309	1840	1917
4237	2	4256	2007	2010
973	0	301	1941	1941
1767	2	4821	2007	2009
5262	3	5172	2007	2015
6070	4	6069	1940	1988
4953	2	5046	2015	2015
1526	3	5281	1994	2003
9090	9	9091	2016	2016
4858	2	4296	1987	1989
6418	5	7353	1996	1996
4461	2	4526	2011	2013
5728	3	5508	1994	2000
2910	0	101	1896	1896
7540	7	7517	1958	1958
2724	3	5353	2001	2008
4746	2	4817	2015	2016
2405	4	443	1958	1985
1404	3	5523	1971	1973
7156	5	6841	1996	2007
10060	9	10061	1979	1979
1399	0	644	1910	1910
3081	4	352	1922	1926
3749	9	8326	2012	2012
817	2	4317	1994	1994
1119	0	1120	1935	1935
3252	4	6243	1933	1938
4499	2	5046	2013	2013
3173	6	4189	1973	1977
9957	9	8493	2006	2011
805	2	4610	2007	2009
4280	2	4547	2009	2010
893	3	5619	1999	2000
4459	2	4236	2002	2003
3502	7	101	2008	2008
5480	3	5949	1976	1977
703	4	2423	1957	1965
9660	9	9661	2014	2018
126	7	55	1979	1979
4673	2	4667	2002	2007
4474	2	4735	2008	2010
3511	1	3815	1982	1987
2327	3	5520	2012	2015
2160	3	5244	1969	2007
6517	5	6518	1919	1926
817	2	4323	1992	1993
902	2	4819	1990	1991
1721	3	5179	2007	2008
7596	7	597	2009	2009
3325	0	249	1957	1957
7565	8	7660	1912	1916
2251	9	8760	1978	2016
8694	9	8695	2001	2001
2520	4	1033	2001	2001
3194	0	529	1951	1951
6327	5	6328	1954	1966
819	2	4303	2014	2015
3612	2	4680	2012	2014
204	0	205	1938	1938
1784	8	7841	1970	1980
8832	9	8833	1387	1488
4730	2	5084	1998	1998
2689	0	1596	1849	1849
2279	4	1259	1953	1972
695	4	707	2017	2017
5763	3	5676	2003	2003
3761	3	5377	1957	1965
2991	0	818	1988	1988
879	8	7653	2015	2015
4298	2	4719	2000	2001
5344	3	5577	2013	2020
6745	5	6746	100	2017
5512	9	10026	1965	1986
683	3	5731	1989	1990
1237	2	4639	2003	2005
3410	3	5386	1978	1983
5655	3	5274	1974	1982
5080	2	4310	2008	2009
3835	1	3997	1980	1987
646	0	424	1949	1949
1531	4	422	1993	1993
5945	3	5503	1977	2001
5778	3	5228	1977	1997
1647	0	424	1952	1952
1363	3	5589	1969	1990
7485	6	4189	1924	1992
3689	2	4735	2014	2014
2152	9	8306	1946	1946
4775	2	5030	2006	2007
5180	3	5389	1967	1976
18	0	11	1985	1985
7611	7	424	2011	2011
3565	2	5140	2002	2003
4381	2	4639	2005	2007
4355	2	4735	1994	1995
8279	9	8280	2013	2013
1960	3	5172	1990	1991
3069	6	7446	1937	2004
3295	7	79	2003	2003
1873	0	17	1889	1889
5578	7	75	2001	2001
418	3	5894	1979	1985
6885	5	6886	100	1948
3725	2	4637	2005	2008
4834	2	4283	2009	2011
4355	2	4547	2006	2008
3501	7	139	1995	1995
3838	1	4078	1985	2001
6546	5	6614	1948	1966
564	0	79	1966	1966
397	0	139	1933	1933
2123	2	4685	2005	2006
8707	9	10263	1923	1923
2134	6	7482	1932	1932
2245	4	3079	2001	2006
5210	3	5198	2007	2007
7228	5	6866	2001	2006
2079	2	5051	2004	2005
5660	3	5391	1946	1950
7521	9	9301	1929	1948
1237	2	4487	1998	2004
2384	7	67	2014	2014
4749	2	4690	2010	2011
1482	0	1483	1984	1984
6887	5	6888	1872	1887
5197	3	5782	1987	1989
2650	4	2144	2013	2013
2608	7	139	1996	1996
3715	3	5169	2006	2008
152	4	2658	1987	1988
5671	3	5252	1964	1969
4965	2	4637	2011	2012
5605	3	5432	1985	1985
8437	9	9779	1980	1984
5598	3	5214	2003	2003
5891	3	5543	2017	2017
5948	3	5232	1932	1935
4864	2	4596	2009	2009
5832	3	5414	1937	1968
2862	0	45	1951	1951
5929	3	5871	1929	1937
2150	0	602	1960	1960
2958	0	103	1876	1876
2220	8	7677	1920	1931
4334	2	4452	2011	2012
7608	8	7653	1861	1883
3905	1	3943	1920	1933
2573	4	2808	1971	1974
3683	4	1268	1978	1988
317	4	3060	2016	2016
6218	4	2649	1942	1965
3803	8	7659	1995	1995
3290	0	610	1927	1927
6401	5	6402	1923	1926
4361	2	4985	2013	2015
6963	5	6964	2006	2006
3443	9	8136	2015	2015
1182	7	1405	1973	1973
4334	2	4577	2002	2004
5895	9	8184	1951	1956
429	2	5072	2008	2013
4093	9	9918	1999	2009
385	1	4111	1961	1972
10375	9	10376	2013	2008
1136	1	3890	2005	2011
2839	7	53	1938	1938
3374	2	4613	2013	2013
3240	2	4487	2007	2012
10590	9	10591	1979	1979
3036	0	2602	1905	1905
5258	3	5745	1994	2005
4711	2	4454	2010	2010
4461	2	4869	2008	2009
6606	5	6607	2007	2007
9515	9	9654	2007	2012
7932	9	7933	2016	2016
1366	6	3937	1974	1982
2915	4	1921	1982	2010
4322	2	4477	1996	1997
7042	5	7037	2013	2017
2395	4	6093	1992	1995
1682	4	2182	1979	2020
1002	7	55	2009	2009
4788	2	4454	1986	1987
9601	9	7942	2012	2012
8990	9	8991	1956	1978
3663	4	3710	1974	1982
5718	3	5156	1921	1927
5663	3	5296	2008	2015
5216	4	5515	1956	2004
469	4	1607	2008	2014
4850	2	4489	1998	2000
867	8	7652	1931	1943
4608	2	4609	2003	2004
7560	7	7561	1945	1945
870	4	3623	1958	1997
4874	2	5097	2002	2003
1001	0	101	1917	1917
3295	9	8133	1975	1975
7526	7	3	1856	1856
2100	3	5199	1975	1976
4664	2	4249	1996	1997
4116	1	3937	1993	2012
965	4	3517	1952	1954
5885	6	3924	1963	2004
988	0	265	1971	1971
4336	2	4952	2013	2015
8707	9	8708	1910	1923
1313	2	4768	1996	1997
739	0	740	1815	1815
5609	3	5339	1951	1963
1321	6	4033	1937	1977
1583	4	3673	1967	1967
2649	7	7493	1965	1965
888	3	5464	2001	2001
1368	8	7720	1989	1989
1758	2	4504	2012	2013
2736	8	7812	1989	2001
8021	9	8022	1990	2008
730	9	9542	1956	1957
834	2	5010	2014	2015
3932	1	3933	1987	2012
1127	2	4781	2011	2012
1913	3	5181	1981	2000
5073	2	4737	1994	2016
4916	2	5067	2003	2004
6100	4	2158	1996	1996
2630	3	5170	2016	2016
5500	3	5351	1987	1989
5649	3	5367	1974	1983
846	2	5030	2002	2002
2542	0	67	1811	1811
1959	0	424	1918	1918
4499	2	4277	2009	2012
7462	7	3	2004	2004
1313	2	4524	2001	2007
7178	5	7179	2001	2014
7634	8	7659	1857	1888
1018	0	240	1955	1955
2533	2	4279	2004	2005
7836	8	7684	1901	1917
4415	2	4655	2007	2010
8276	9	8277	-405	1990
374	7	79	1968	1968
1457	3	5269	1958	1981
4237	2	4348	2001	2002
2075	0	243	1989	1989
7555	8	7659	1855	1868
4912	2	4626	1990	1994
5911	3	5263	2009	2014
1456	8	7654	1975	1980
4295	2	4904	2005	2006
5805	3	5179	1954	1958
4862	2	4735	2002	2006
132	0	133	1969	1969
5739	3	5520	2006	2007
4298	2	4299	2009	2011
617	3	5600	2008	2010
6883	5	6884	2011	2017
788	2	4262	2011	2012
3433	9	8244	1993	1993
6418	5	6492	1996	1996
54	4	1698	2009	2010
8102	9	8137	2001	2004
3381	6	3886	1957	1971
2406	0	589	1941	1941
3882	1	3883	2012	2015
2931	0	424	1983	1983
4404	2	4736	2009	2009
6353	5	6908	1995	2015
2725	8	7697	1916	1930
2029	2	4388	2010	2011
1125	0	258	1850	1850
9925	9	9926	335	2013
3726	8	7672	1948	1978
6437	9	8630	2017	2017
690	8	7672	1946	1990
5991	8	7653	1973	1973
2453	9	7986	1996	1996
1955	8	7803	1860	1861
829	4	1878	1994	2010
2288	8	7835	1991	1993
6363	5	6364	1997	2017
2218	0	69	1959	1959
1348	7	2306	1975	1975
4619	2	4609	2006	2007
4861	2	4683	2003	2007
64	4	3043	1992	2001
1555	7	485	1947	1947
5431	3	5432	1943	1978
4935	2	4869	2000	2001
29	0	30	1971	1971
1785	0	812	1868	1868
3333	6	3831	1962	2020
4608	2	4469	2001	2002
575	4	1226	2014	2022
5697	3	5256	1970	1974
1009	4	2902	1920	1957
8359	9	8360	1998	2009
1271	4	2090	1992	2004
615	4	124	1992	1993
1085	2	4472	1990	1992
911	1	3846	1758	1784
