5671	17	7513	1994	1994
8231	20	9242	2012	2012
10869	22	10849	2003	2006
10379	22	9854	2000	2000
8041	20	7605	1982	1982
9041	22	10258	2002	2014
11194	22	10042	1993	1993
11901	22	9813	2007	2012
1342	1	953	1790	1871
9772	22	9773	1990	1993
12286	22	10858	2010	2011
8467	17	8364	2008	2008
12421	22	10057	2002	2002
11838	22	9724	2005	2007
11899	22	9845	2003	2008
7800	20	9301	2005	2005
9011	17	6331	1951	1951
6350	17	6353	1994	1994
587	1	125	1920	2022
8870	17	6632	2005	2005
8362	17	6209	1974	1974
2461	8	2460	1973	1981
3168	17	6736	2013	2013
7574	17	6987	1966	1966
10909	22	9881	1999	1999
10535	22	10536	2008	2009
1165	1	1142	1820	1920
6053	20	8096	2006	2006
12259	22	10643	1996	1997
3812	14	3481	1979	1979
9482	21	9483	1985	1993
9413	20	7092	1953	1953
12250	22	10548	1997	2000
780	1	125	1790	1871
3117	11	3098	1959	1995
7575	20	6764	1986	1986
5182	15	4973	1916	2016
2144	6	2009	1867	1918
8250	17	5822	2002	2002
11778	22	5478	2008	2011
749	1	750	2016	2022
11290	22	9830	2011	2012
10468	22	10228	1990	1990
3352	13	3245	1988	2022
3211	14	3428	1861	1862
444	18	675	1864	1964
7248	17	6328	1986	1986
3621	14	3437	1967	1970
5625	17	5611	2015	2015
10728	22	9735	2013	2015
7531	20	6706	1932	1932
8492	20	6706	1902	1902
12010	22	9681	2000	2001
3168	14	3978	1996	1998
9062	17	8836	1993	1993
10775	22	10777	2014	2022
2302	8	2301	1939	1958
11094	22	10412	1997	2003
11320	22	10118	2005	2007
5411	16	5508	1981	1981
11955	22	9816	1991	1994
9948	22	9896	2006	2007
10454	22	10294	1995	1997
9954	22	9557	2001	2003
1240	1	129	1790	1871
12372	22	9941	2006	2006
10948	22	9565	2001	2002
6598	17	6079	1986	1986
11374	22	10655	2012	2013
12431	22	4999	2008	2008
11608	22	9735	2006	2008
5633	20	5766	2014	2014
6205	17	5815	1972	1972
5573	20	5572	1976	1976
9039	20	8588	2000	2000
10207	22	10210	1998	2000
5165	15	4973	1915	2015
3176	14	4225	1988	1993
1175	1	953	1790	1871
6968	20	5479	1979	1979
9337	20	5762	1903	1903
55	0	58	1921	1945
1297	1	1210	1871	1920
4380	14	3447	1281	1288
2161	6	2162	1621	1639
5085	15	4973	1915	2015
5962	20	6969	2002	2002
6663	20	6678	2001	2001
1670	2	1671	1997	2022
11270	22	9679	2003	2008
7902	17	6158	1987	1987
11980	22	10008	2010	2011
5647	16	5649	2017	2017
7370	17	7371	1999	1999
7537	17	5946	2002	2002
4449	14	3700	2007	2011
9015	20	7862	1990	1990
11721	22	10883	1981	1982
10272	22	10275	2008	2009
5293	15	4971	2016	2022
5020	15	5021	2008	2011
3722	14	3724	2011	2016
3144	17	6304	1944	1944
7318	20	6780	1955	1955
10973	22	10976	2004	2005
1400	1	750	2016	2022
9113	20	9182	1998	1998
7073	17	6442	1988	1988
3725	14	3726	1998	2002
12007	22	10018	2008	2010
11933	22	10029	1999	2000
7666	17	7649	2016	2016
9960	22	9544	2011	2015
3567	14	3457	2005	2010
12275	22	10408	2016	2022
8477	17	6189	1980	1980
5690	22	9577	1960	1961
113	6	1530	1608	1708
5251	15	4971	2017	2022
12230	22	10735	2010	2010
8441	20	7092	1952	1952
903	1	865	1914	2014
5431	16	5463	1974	1974
11924	22	9546	1967	1968
4921	14	3898	1989	1991
1533	1	419	1915	2015
9124	17	8553	1984	1984
1413	1	123	1871	2022
8647	17	6408	2004	2004
7414	17	7415	1989	1989
11735	22	9967	2007	2008
12099	22	9708	2006	2009
1640	1	125	1920	2022
4524	17	6102	1989	1989
9121	17	7538	1931	1931
6032	20	8260	1989	1989
4955	14	4956	1868	1869
5241	15	4973	1915	2015
10912	22	10302	2006	2006
5740	16	5748	1999	1999
11316	22	9966	2015	2022
12074	22	10162	2008	2008
9015	20	6764	2004	2004
5553	16	5562	1995	1995
12295	22	10321	2008	2009
10909	22	10285	1999	2005
1283	1	129	1790	1871
3996	14	3473	1997	2001
3119	14	4208	2012	2014
8864	17	6276	1985	1985
8555	17	5836	1965	1965
11077	22	9990	2011	2012
11036	22	10530	2008	2009
11811	22	10974	1987	1992
11854	22	11058	2000	2001
5665	16	5674	1996	1996
11017	22	10271	2008	2010
541	1	543	1949	2006
2212	7	2213	2007	2009
3193	20	5762	1947	1947
3201	20	7092	1957	1957
7570	17	7071	2014	2014
11665	22	10258	2009	2022
7829	20	6823	2011	2011
2680	14	4351	2005	2009
908	1	518	1915	2015
10745	22	9979	1989	1989
11711	22	10897	2005	2006
10872	22	10211	1995	1998
3265	13	3266	1971	1981
9456	21	9451	1944	1944
6	0	8	1368	1421
11991	22	11612	2002	2003
6455	17	6456	2006	2006
3275	13	3255	1937	2022
164	1	165	1915	2015
1877	20	7091	1978	1978
178	6	180	918	927
4942	14	4902	1962	1964
11402	22	9597	2015	2022
4472	17	6294	1939	1939
12182	22	10704	2011	2011
6759	17	5972	1980	1980
5720	20	7837	2005	2005
4797	14	3685	2010	2010
5033	15	4971	2016	2022
164	15	4971	2016	2022
11162	22	9912	2008	2011
11146	22	9903	2004	2010
9064	17	6561	2004	2004
12302	22	10845	2009	2013
1178	1	953	1790	1871
11759	22	9866	2009	2011
4153	14	3912	2016	2022
11487	22	9710	2012	2013
8336	17	5804	1987	1987
11181	22	9822	2012	2012
4377	14	4011	1457	1458
9935	22	9936	2008	2008
10374	22	5648	2008	2012
4564	14	3610	1992	2001
7237	17	6797	1978	1978
1577	1	411	1916	2016
2608	10	2924	1973	1984
2475	9	2476	1855	1870
8892	20	7090	1991	1991
1451	1	1450	1997	2022
6968	20	6290	1975	1975
6231	17	6232	1990	1990
4586	17	5935	1937	1941
9214	20	6012	1933	1933
3008	17	6331	2012	2012
8037	20	7092	1935	1935
11522	22	9942	1999	2000
5127	15	4973	1915	2015
12435	22	10053	2006	2007
10550	22	10273	2013	2022
11785	22	9605	2004	2006
4328	14	3854	1980	1989
12475	22	10313	2011	2011
8998	17	8852	1978	1978
12101	22	10527	2008	2009
6332	17	6333	2004	2004
9090	20	7092	1939	1939
9652	22	9654	2013	2014
42	1	43	1915	2015
11054	22	9693	2007	2007
5500	22	9592	2007	2008
11793	22	10096	2012	2013
9269	20	6706	1923	1923
8777	20	8707	2013	2013
11083	22	10277	2008	2009
3517	14	3436	1974	1976
7873	20	7097	1993	1993
8779	17	5836	1976	1976
1173	1	1142	1871	1920
10775	22	10777	2010	2012
6967	17	7860	1984	1984
12004	22	11782	2010	2010
11079	22	10313	2002	2003
3049	10	3001	1978	2022
8516	17	8517	1971	1971
11071	22	11073	1998	1999
4829	17	5959	2008	2008
12484	22	10462	2001	2003
6693	17	6363	2002	2002
11148	22	10348	2008	2009
12242	22	10997	2005	2006
1375	1	953	1790	1871
8692	20	6486	1970	1970
8587	17	6240	2004	2004
12417	22	10089	2007	2009
11310	22	9876	1997	2010
142	1	1471	1991	2022
5411	16	5542	1998	1998
11390	22	11007	2003	2004
42	1	103	1915	2015
12113	22	9824	2012	2013
10703	22	10704	1999	1999
3357	13	3255	1913	1947
4905	14	4515	1993	1994
1092	1	757	2005	2016
2970	17	5972	1997	1997
10814	22	10815	2005	2012
10495	22	10241	2007	2007
5077	15	4971	2016	2022
12257	22	9603	1991	1995
11821	22	10761	2006	2013
2544	11	3085	1979	1981
11223	22	11102	2003	2004
7484	17	7461	1952	1952
9531	21	9491	2005	2005
4864	14	3702	2008	2008
12348	22	10159	2010	2010
4885	17	8813	1804	1851
8293	17	6211	2009	2009
7809	17	6357	2011	2011
6084	20	6086	1991	1991
2499	14	3444	2009	2022
11850	22	9887	2009	2012
7318	20	6780	1956	1956
1563	1	123	1871	2022
7167	20	7092	1949	1949
3088	11	3110	2007	2022
1988	5	588	2014	2022
5895	17	5896	2001	2001
5294	15	4971	2017	2022
7970	17	6744	2010	2010
2970	17	6127	2002	2002
11655	22	10334	2004	2004
2790	11	3149	2005	2005
9005	17	9006	2014	2014
5438	17	8547	1996	1996
7766	20	7770	1980	1980
8837	20	6672	2009	2009
5370	16	5371	1983	1983
10551	22	10552	2010	2011
4299	17	6620	2011	2011
11922	22	10786	2008	2008
4048	14	4049	1823	1829
11995	22	10102	2000	2002
8143	17	5817	1922	1922
10249	22	9837	2002	2002
2927	10	2932	1925	1930
5500	22	9794	1996	1996
1877	20	7862	1986	1986
11618	22	9984	1996	1997
8880	17	4313	1994	1994
4370	14	3710	1512	1513
10338	22	9941	2004	2004
10075	22	10076	2013	2014
12322	22	10283	2010	2011
12472	22	10442	1997	1998
1340	1	122	1790	1871
2278	8	2277	1967	1980
12053	22	11066	2010	2010
5678	16	5689	1970	1970
1732	9	2546	2012	2022
12193	22	10654	2006	2007
5960	20	5961	2000	2000
6119	17	6648	2000	2000
11870	22	9647	1996	1996
7893	20	6706	1919	1919
3034	14	3956	1935	1984
232	1	233	2015	2022
12004	22	10297	2011	2012
11258	22	9594	2000	2000
986	15	4983	1914	2014
9122	17	7084	2011	2011
1159	1	953	1790	1871
8011	20	9324	2002	2002
7493	17	7495	1996	1996
10798	22	9538	2003	2006
12462	22	10707	2004	2005
12411	22	10355	2007	2007
10694	22	9871	1991	1993
3842	14	3574	2003	2007
7656	17	7335	1998	1998
6953	17	8142	2013	2013
11975	22	10288	1971	1976
12114	22	5584	2013	2022
7927	17	5857	1990	1990
6053	20	8080	2007	2007
12141	22	10527	2006	2009
8692	20	6486	1969	1969
12416	22	10746	1997	1998
11333	22	10626	2009	2009
7439	17	7440	2006	2006
5635	16	5636	1991	1991
10971	22	9610	1999	1999
9387	20	7939	2011	2011
6703	17	5947	1966	1966
5356	15	4973	1916	2016
10498	22	2157	2008	2011
4376	14	4049	1676	1689
9883	22	9889	2010	2012
12492	22	10633	2005	2006
11483	22	9586	2010	2010
5430	17	6107	2010	2010
11032	22	10947	2008	2009
8397	17	6177	1959	1959
4839	14	4306	2016	2017
4212	17	7181	1989	1989
4435	14	3636	1888	1893
8124	20	6364	1989	1989
12485	22	10633	2002	2003
2462	8	2448	1980	1990
9972	22	9973	2007	2010
9691	22	9695	2000	2004
7927	17	7259	1979	1979
1348	1	1161	1790	1871
11531	22	10157	2014	2014
2217	7	2220	1995	2014
11936	22	10041	2004	2005
11044	22	9575	2005	2008
10814	22	10585	2006	2007
5501	22	10228	2011	2011
5504	22	9587	2016	2016
11481	22	10184	2009	2010
12249	22	9672	2003	2003
11449	22	11450	2007	2009
4796	14	3456	2010	2015
8018	20	8020	1998	1998
10478	22	10480	2002	2004
2055	18	708	1916	2016
1923	5	1916	1996	2022
8081	17	8084	2012	2012
12134	22	9990	2009	2013
11219	22	10743	2008	2009
1124	1	572	2015	2022
10629	22	9668	2012	2013
11999	22	10149	2009	2009
2235	17	6507	1997	1997
11501	22	10442	2011	2013
9279	20	7044	2012	2012
7541	20	9275	2008	2008
8309	17	6368	2014	2014
2123	9	2490	1945	2022
11463	22	10165	2011	2013
1438	1	1434	1815	1954
6356	20	6039	1959	1959
10758	22	10565	2009	2014
2551	13	2552	2005	2022
1556	1	148	1790	1968
11037	22	10526	2009	2009
4829	14	3774	1965	1967
4910	14	3456	2010	2015
7964	20	9250	2005	2005
4417	14	3745	1983	1989
8767	17	7636	1963	1963
12369	22	9595	1991	1992
12350	22	11353	2002	2004
10495	22	9610	2002	2002
11207	22	9574	2009	2011
1753	2	1671	1996	2022
6537	17	6542	1982	1982
8283	21	9443	2017	2017
11617	22	10417	1980	1981
2970	20	6127	2002	2002
11922	22	10563	2004	2006
11481	22	9615	2005	2006
3674	14	3676	1918	1919
12349	22	9835	2010	2012
2782	9	2494	1966	2022
1066	1	487	1914	2014
8879	17	7948	1981	1981
11805	22	9757	1995	1998
2123	15	4969	1945	2022
8499	20	6150	1980	1980
8732	20	5722	1990	1990
8840	17	6096	1971	1971
4317	14	4318	2002	2004
11256	22	10614	2006	2006
8672	17	6789	1965	1965
1689	2	1671	2011	2022
898	1	866	2015	2022
677	1	241	1968	2022
5852	20	5762	1950	1950
5690	22	10161	1961	1964
11483	22	9583	2004	2005
2778	20	5762	1965	1965
8985	17	5931	1961	1961
6663	20	6680	2002	2002
3296	13	3269	1940	2022
2349	20	8101	1993	1993
9935	22	9937	2010	2011
11676	22	10250	1968	1970
11847	22	10323	2009	2014
7156	17	7157	1924	1924
11766	22	11767	2010	2011
12201	22	9698	1983	1994
6796	17	6799	2002	2002
11971	22	10604	2013	2014
11402	22	9873	2012	2014
1425	1	122	1790	1871
3130	14	3544	1937	1940
12491	22	10882	2008	2010
3632	14	3473	1997	2001
11892	22	10608	2008	2008
11364	22	10778	2001	2001
9268	20	6706	1906	1906
3503	14	3462	2005	2006
3158	17	7084	2011	2011
11255	22	10408	2012	2014
9954	22	5657	2004	2006
2119	6	2045	1799	2022
11077	22	2157	2003	2003
3203	17	6188	1999	1999
2420	17	6645	1995	1995
1635	1	1636	680	1204
3894	14	3896	1901	1910
5611	16	5612	1964	1964
10006	22	9568	2002	2011
11187	22	10125	2010	2010
8018	20	9327	1998	1998
1215	1	1142	1871	1920
264	15	4973	1915	2015
7303	20	7304	2010	2010
113	1	1600	1796	1835
12257	22	9589	1987	1990
316	1	785	1971	2022
2890	9	2515	1981	1998
12206	22	9576	2012	2013
11022	22	9939	1981	1982
11262	22	11263	2004	2008
9819	22	9823	2004	2014
8759	17	5873	1926	1926
8258	20	8263	1999	1999
5127	15	4971	2016	2022
10966	22	10967	2006	2007
2590	14	3450	2002	2005
1947	6	2027	1918	2022
11019	22	10289	1995	1995
11575	22	9579	2004	2012
12160	22	9659	2009	2009
3103	14	3977	1996	2005
452	1	454	1963	1990
9432	21	9433	2005	2005
2261	8	2262	1892	1954
5678	16	5685	1955	1955
11340	22	9704	2001	2002
2574	9	2509	1984	1991
11215	22	10358	1985	1987
8585	17	5836	1983	1983
1309	1	129	1920	2022
5295	15	4971	2017	2022
8882	17	6916	1971	1971
6663	20	9176	2007	2007
11597	22	10721	1992	1998
8629	17	7313	1993	1993
1664	1	126	1871	1920
10865	22	5649	2009	2009
11541	22	10392	1994	1995
6995	17	6996	1969	1969
10668	22	9784	1987	1987
9948	22	9825	2007	2010
12055	22	9827	1968	1969
756	1	757	2005	2016
12165	22	10299	2010	2011
12163	22	11903	1990	1992
4735	17	6864	1985	1985
10363	22	9703	2005	2011
9144	18	707	2016	2022
3297	13	3252	1960	2022
10382	22	5655	2007	2008
5200	15	4971	2016	2022
12040	22	10111	2005	2006
11024	22	10850	2006	2007
11843	22	10408	2006	2007
12406	22	10228	1999	2001
4851	14	3431	2002	2007
2207	14	3937	2016	2022
4627	14	3877	1856	1857
11901	22	9810	2008	2010
4438	14	4433	2010	2022
4482	17	8214	1815	1815
3178	17	5953	1945	1945
11095	22	9580	2008	2014
12290	22	11525	1996	1997
6740	17	6530	2000	2000
1234	1	129	1920	2022
4609	14	3473	1997	2001
12183	22	10925	2001	2003
5466	16	5467	2015	2015
12442	22	10348	2013	2014
12080	22	10596	2006	2010
7992	20	7903	1972	1972
9291	20	6706	1939	1939
5962	20	5967	1998	1998
11674	22	9668	2000	2002
2230	14	3667	1972	1973
12309	22	9668	1992	1993
11051	22	9746	2001	2001
3004	10	2957	1950	1951
2991	23	2992	1818	1822
9363	20	6706	1923	1923
12476	22	9992	2007	2012
1094	1	125	1920	2022
935	1	866	2015	2022
11392	22	9808	2006	2007
8147	17	7092	1952	1952
11470	22	9776	2011	2015
3254	13	3255	1966	2022
1910	14	3707	1919	1930
10636	22	2157	1928	1935
10612	22	9741	2008	2008
7160	20	7558	1998	1998
7662	17	7651	1987	1987
12420	22	10334	2000	2003
11470	22	9988	2010	2011
11928	22	10591	2009	2011
5342	15	4973	1916	2016
5361	15	4973	1916	2016
308	1	165	1915	2015
7195	17	7200	1998	1998
10832	22	10671	2010	2010
2217	7	2220	1989	1990
814	1	815	2016	2022
4666	14	3456	2010	2015
7252	20	9106	2006	2006
5504	17	6316	2006	2006
3801	14	3802	1991	1992
871	1	865	1914	2014
7156	17	6436	1920	1920
10937	22	10257	2011	2011
11475	22	9635	2011	2014
5431	16	5463	1972	1972
2428	20	6770	2005	2005
1837	17	8207	1976	1976
11435	22	10277	2005	2005
8398	17	6542	1981	1981
1264	1	122	1790	1871
11892	22	9744	2014	2014
3286	13	3247	1989	2022
4281	14	4283	1884	1886
12209	22	9645	1998	2000
5826	17	5827	1988	1988
8637	20	5922	1992	1992
7100	17	6292	2016	2016
7710	20	7711	2009	2009
4209	14	4151	1922	1923
4774	14	3498	1964	1977
11020	22	9810	1998	2002
7571	20	8369	2005	2005
8777	20	6471	2011	2011
5501	22	9592	2002	2003
9373	20	9374	2016	2016
1486	1	28	1956	1991
8066	17	8067	1946	1946
5840	20	7513	1989	1989
11100	22	11101	2009	2009
6971	20	6364	2002	2002
5431	16	5433	1987	1987
69	0	72	1727	1927
1861	17	6385	1990	1990
9029	20	6678	2011	2011
2817	17	6066	1978	1978
5056	15	4971	2017	2022
11975	22	10288	1980	1980
1218	1	129	1790	1871
11921	22	9562	2004	2011
7083	17	5947	1987	1987
12108	22	10927	2008	2011
8991	17	6331	1955	1955
11332	22	9990	2014	2014
3178	17	5948	1930	1930
3451	14	3437	2001	2022
12028	22	10704	2011	2011
2937	10	2938	1976	1980
3243	17	5901	2010	2010
11192	22	9788	1997	1997
11233	22	9654	1933	1934
11134	22	10585	2006	2007
7520	20	5453	1953	1953
1941	5	1943	1916	2016
10854	22	10030	2010	2022
5788	16	5570	1994	1994
6784	20	5927	2006	2006
12471	22	10686	2009	2009
6032	20	8268	2013	2013
4926	14	3438	1994	1997
6084	17	6085	1985	1985
42	0	112	2015	2022
2609	9	2494	1996	2022
8651	17	6566	1984	1984
8074	17	8075	1978	1978
2402	20	7474	1993	1993
4779	14	3437	2001	2022
8454	17	6588	1993	1993
5370	16	5373	1984	1984
12307	22	11295	2001	2001
12132	22	9604	2008	2009
7975	23	2951	1917	1942
1967	15	4971	2017	2022
8543	20	7092	1945	1945
5504	17	6379	2007	2007
9352	20	9210	2010	2010
11306	22	10978	2007	2008
4730	14	3717	1807	1817
6100	17	6101	2012	2012
3368	13	3247	1972	2022
7571	20	8987	2005	2005
2798	9	2505	1920	1941
12340	22	10143	2004	2004
468	1	125	1790	1871
12236	22	9629	2010	2014
6796	17	6799	2001	2001
8587	17	6200	1998	1998
7045	20	7104	2000	2000
2071	6	332	1917	1917
12552	23	12525	1544	1584
132	1	123	1871	2022
10846	22	9587	2012	2022
11080	22	9984	1995	1995
10690	22	10133	2004	2009
3203	17	6709	2004	2004
2819	9	2527	1971	1990
1566	1	210	1968	2022
11020	22	9709	1998	1998
9065	17	9066	2010	2010
7852	17	7028	2011	2011
8180	17	7926	1997	1997
6576	17	5819	1952	1952
6032	17	6039	2007	2007
1710	2	1671	1991	2022
2055	15	4981	1958	2022
11156	22	10270	2012	2013
6994	17	6921	1999	1999
100	6	332	1917	1917
8461	17	7867	2013	2013
5072	15	4973	1916	2016
8511	17	8332	1945	1945
4284	14	4285	2012	2014
4608	20	6012	1936	1936
1530	6	1530	1649	1654
11325	22	5591	1992	2000
4401	14	3916	1999	2009
2183	7	2197	1864	1865
1891	17	5838	2011	2011
5093	15	5094	1784	1867
11221	22	10981	2008	2010
11588	22	11135	2013	2014
11896	22	10140	2006	2010
1521	1	210	1968	2022
9705	22	9708	2002	2003
5290	15	4971	2017	2022
4694	14	3431	1997	2002
8888	17	5950	1974	1974
7210	17	5978	1982	1982
4568	14	3623	1996	2009
11931	22	9789	1989	1989
4960	14	3446	1620	1623
1170	1	953	1920	2022
12247	22	11476	2011	2012
9012	17	6190	1924	1924
12442	22	10786	2009	2010
2	6	29	1944	1991
12008	22	9565	2006	2007
12378	22	9668	2006	2006
11149	22	10010	1995	1997
3376	13	3255	2014	2022
3178	11	3087	1919	1970
2102	6	2040	1861	2022
5027	15	4973	1915	2015
2186	14	3448	1975	1982
9940	22	9789	2008	2008
11557	22	5648	1946	1962
473	1	416	1914	2014
12226	22	9781	1992	2001
5974	17	5976	1815	1815
12482	22	11202	1988	1989
798	1	591	1938	1944
10235	22	9551	1999	2000
11867	22	9900	2010	2012
6234	17	5803	1977	1977
12322	22	10632	2002	2003
6656	17	6180	1982	1982
8081	20	5729	2013	2013
8621	17	5819	1843	1843
12407	22	10995	1996	1996
11388	22	11180	1961	1970
793	1	444	2005	2022
5639	16	5642	2007	2007
11558	22	9829	2007	2008
1429	1	746	1999	2022
2802	9	2585	1966	2022
8574	17	7903	2003	2003
1055	1	123	1871	2022
10555	22	9709	2011	2013
11786	22	10215	2008	2008
689	1	507	1914	2014
7003	17	7071	2008	2008
2918	17	8711	1995	1995
10469	22	10470	2003	2004
12489	22	9915	2008	2009
12192	22	9736	2002	2002
11952	22	9554	2000	2006
5488	20	5798	1985	1985
11523	22	10115	1985	1986
711	1	26	1991	2022
6312	20	5808	1999	1999
11238	22	10440	1985	1988
8305	17	6565	1977	1977
1883	4	1835	1998	1998
2402	20	6039	1996	1996
11444	22	9973	2007	2007
10929	22	10429	2006	2006
11659	22	9709	2014	2022
3200	17	5819	1879	1879
9801	22	9656	2012	2015
6629	17	6630	2006	2006
11626	22	9942	2001	2001
4003	20	6012	1906	1906
8587	20	6804	2003	2003
3178	14	3469	1940	1941
9571	22	9575	1998	1999
11052	22	9736	2011	2012
8803	17	5815	2004	2004
3093	17	6426	1978	1978
7971	17	5870	1951	1951
11121	22	9900	2008	2008
4950	14	3639	1957	1960
7422	20	7423	1987	1987
2803	14	3450	2013	2022
10816	22	9576	1996	2001
7517	17	5869	2005	2005
12016	22	9574	1942	1943
8059	20	7837	2006	2006
4539	14	3444	1949	1951
428	6	400	1949	1990
11929	22	9604	2011	2014
4013	17	6720	1999	1999
6602	17	6262	1994	1994
11874	22	9647	1993	1996
9801	22	9556	2005	2005
10667	22	9579	1992	1994
5479	16	5487	1974	1974
6663	20	6668	2001	2001
11440	22	9976	2008	2010
3749	19	1996	1978	1981
11497	22	10810	1997	1997
4257	14	4258	1955	1957
6390	17	6393	2004	2004
2073	6	29	1945	1991
8002	17	6432	1967	1967
109	0	111	2006	2022
937	1	865	1914	2014
6686	17	6687	2009	2009
6053	20	8097	1994	1994
2404	14	3435	2007	2015
1641	1	241	1968	2022
10066	22	9701	1947	1947
6282	17	6287	2008	2008
3403	13	3245	1990	2022
11666	22	10664	2008	2008
2847	9	2500	2012	2022
104	0	105	2006	2022
8321	17	6066	1953	1953
7772	20	7911	2004	2004
9459	21	9451	1978	1978
8521	17	6916	1983	1983
11608	22	11096	2008	2008
7205	17	6262	1970	1970
6796	17	6797	2012	2012
12394	22	10845	1996	1996
139	1	126	1871	1920
6995	17	5950	1943	1943
8447	17	5853	1937	1937
12278	22	9757	1998	2001
11446	22	11250	1997	1997
5213	15	4971	2017	2022
2848	23	12523	1731	1765
11208	22	9708	1998	1998
5756	20	6816	1969	1969
1837	17	8722	1975	1975
12407	22	10211	2000	2000
7789	17	5948	1944	1944
10835	22	10431	2001	2005
12074	22	9830	2005	2005
8554	17	5943	1967	1967
7809	17	6198	2004	2004
12408	22	9776	2008	2008
847	1	679	1914	2014
4670	14	3498	2003	2014
8144	17	8145	2009	2009
1469	1	1449	1896	1996
12104	22	10639	2015	2015
12325	22	10339	2006	2006
12075	22	9543	2002	2004
7493	17	7494	2010	2010
1117	1	210	1968	2022
11360	22	10001	2000	2000
12256	22	9683	2008	2008
5283	15	4971	2016	2022
1758	2	1672	1983	2022
4974	15	4973	1916	2016
7785	17	6131	1983	1983
11206	22	10767	2010	2013
762	1	26	1991	2022
6137	17	7007	2011	2011
11002	22	11004	2007	2022
770	1	125	1790	1871
12286	22	9874	2001	2001
8221	20	7150	2005	2005
6312	17	6314	1999	1999
4820	14	4053	1993	1996
5810	17	8800	2009	2009
10934	22	9811	2011	2012
5370	16	5388	1999	1999
38	1	39	2015	2022
11360	22	9827	1999	2001
12386	22	2157	1949	1950
12113	22	10435	2010	2015
5779	17	7074	1997	1997
8406	17	5874	1996	1996
9195	20	6012	1903	1903
2	6	1561	1359	1484
7798	17	6465	2010	2010
2972	10	2924	1938	1972
83	0	84	1873	1917
5370	16	5372	1992	1992
8512	20	6162	2002	2002
826	1	159	1968	2022
10973	22	10975	2005	2006
12444	22	9651	2014	2015
1102	1	210	1968	2022
8513	17	8370	2006	2006
3130	14	3545	1910	1913
3851	14	3431	2007	2012
962	1	163	1790	1968
11047	22	9546	2007	2010
12153	22	10297	2007	2008
6790	17	6564	2003	2003
2144	6	2018	1944	2022
968	1	408	1822	1922
12238	22	10793	1996	1997
7851	17	6564	2005	2005
10888	22	9650	2003	2003
2250	8	2249	1915	1939
10213	22	9543	2002	2004
5266	15	4971	2016	2022
4701	14	4700	1962	1968
1649	1	148	1892	1968
3834	20	6012	1948	1948
11641	22	9846	2002	2002
3691	14	3694	1975	1983
67	0	68	1915	2015
9492	21	9493	1402	1402
6971	20	5984	1988	1988
11634	22	9974	2000	2001
5306	15	5022	2015	2022
5712	16	5715	2000	2000
9869	22	9853	2001	2001
6663	20	6667	2007	2007
6656	20	7480	2009	2009
3055	17	5947	1984	1984
10696	22	10230	2009	2009
11243	22	10734	2013	2014
3947	17	6185	1977	1977
7785	20	9299	1988	1988
1488	1	181	2015	2022
12146	22	9799	2014	2014
8913	17	6807	1977	1977
5501	22	10351	2010	2011
5740	16	5745	1980	1980
2914	17	7196	1991	1991
12424	22	9905	2011	2012
11258	22	9594	2000	2001
11641	22	9618	1998	1998
12127	22	9547	2009	2010
1347	1	953	1920	2022
11299	22	10750	2009	2010
292	1	119	1965	2022
9029	20	6678	2013	2013
3108	14	4600	1995	2007
12036	22	10445	1995	1997
11286	22	9846	2011	2012
1881	4	1835	1977	1977
3868	14	3869	1954	1958
1020	1	863	1914	2014
1722	2	1672	1999	2022
8251	17	7467	1968	1968
5370	16	5389	2000	2000
4891	17	8432	1943	1943
670	1	349	1914	2014
4842	14	3456	2010	2015
2886	14	4384	1946	1949
4740	14	4561	2004	2018
12187	22	9555	2001	2001
6053	20	8528	2002	2002
8577	17	5835	1969	1969
4121	14	3696	1951	1977
12272	22	9813	2008	2008
3987	14	3681	2001	2013
2387	8	2388	1942	1942
9069	17	7090	2004	2004
3096	14	3667	1992	1993
11813	22	10589	2013	2014
6289	20	6391	1980	1980
9058	17	9059	2005	2005
9186	20	8096	1999	1999
9068	20	7605	1992	1992
11700	22	9725	1965	1974
221	1	223	2015	2022
6555	17	6557	1944	1944
11968	22	10648	2008	2009
9021	17	9022	1999	1999
2	1	3	1940	1954
1263	1	122	1790	1871
8666	17	5959	1968	1968
7449	17	7198	1935	1935
11396	22	9549	2002	2004
2739	9	2745	1948	1953
7944	17	6752	1974	1974
12362	22	9701	2007	2007
5545	17	5411	2000	2000
8755	17	7773	2001	2001
6698	20	5762	1942	1942
4658	17	8591	1985	1985
11414	22	10340	2006	2007
11076	22	10585	2004	2004
5756	20	6159	2007	2007
11084	22	10047	1934	1935
2838	9	2839	2001	2022
4715	14	3498	1995	2000
5045	15	4973	1915	2015
6464	17	6466	1981	1981
2902	17	7448	1967	1967
11582	22	10981	2000	2001
10368	22	9759	1994	1996
7644	20	7470	2002	2002
10555	22	9900	2013	2014
6971	20	6362	2010	2010
3000	14	3906	2009	2022
10840	22	9858	2014	2015
9120	17	5836	2011	2011
2411	8	2412	1958	1965
12487	22	9574	1995	1996
8651	17	7600	1976	1976
11587	22	10910	1963	1965
12432	22	9653	1999	2000
3830	14	3762	1891	1893
1933	5	725	1999	2022
10745	22	2157	1992	1996
9232	20	6012	1965	1965
6261	17	7058	2010	2010
9748	22	9560	2000	2002
11119	22	9994	2007	2007
12140	22	9692	1984	1984
8455	17	6288	1949	1949
10889	22	9715	2003	2005
5365	16	5366	2000	2000
2534	9	2843	2006	2008
1518	1	123	1871	2022
10693	22	9580	2008	2010
8777	17	6468	2012	2012
7031	17	7038	2011	2011
6261	17	6009	2006	2006
5756	20	5755	1999	1999
1879	4	1880	1957	1957
6489	17	6492	1979	1979
11531	22	10631	2005	2005
3556	14	3558	1976	1979
3349	13	3269	2011	2022
8579	20	6362	2009	2009
9498	21	9499	1878	1878
12056	22	9979	2008	2009
12372	22	10163	2012	2014
11764	22	10572	1993	1994
8679	17	6708	1994	1994
2383	8	2384	1990	2022
5204	15	4971	2016	2022
11800	22	9575	1986	1988
9380	20	6780	1928	1928
12050	22	10020	2014	2022
1256	1	129	1790	1920
8858	17	6233	1997	1997
11164	22	10250	2003	2003
7360	17	7361	2006	2006
5962	17	5969	2010	2010
9987	22	9995	2003	2003
10114	22	10119	1992	1995
2186	14	4912	1978	1978
7893	20	6706	1921	1921
1316	1	1210	1871	1920
6788	17	6564	1983	1983
9071	17	6990	1996	1996
9369	20	6328	1990	1990
10406	22	10015	2004	2004
12412	22	10686	2010	2010
11851	22	9731	1997	1998
11710	22	10709	2001	2008
1327	1	129	1920	2022
5840	20	7513	1988	1988
10712	22	9893	1996	2008
3253	13	3245	2009	2022
11786	22	10376	2000	2008
1328	1	129	1920	2022
6971	20	5984	1991	1991
12425	22	2157	2006	2010
7023	17	6012	1999	1999
12408	22	9678	2006	2011
5332	15	5334	1649	2022
11636	22	10256	2002	2003
12136	22	11436	2009	2010
8565	17	7840	1992	1992
10634	22	10003	2011	2012
3396	13	3271	1965	2022
10160	22	5478	2011	2013
7065	17	7051	1939	1939
6053	20	9333	1992	1992
11924	22	9603	1963	1966
10943	22	10740	2013	2014
4557	14	3523	1920	1921
11828	22	9952	2008	2011
7137	17	6268	1819	1819
10693	22	10321	2014	2014
895	1	866	2015	2022
461	1	125	1920	2022
636	18	718	1885	2004
10663	22	10666	2014	2022
6796	20	6804	2009	2009
1223	1	1210	1820	1920
11615	22	11599	2014	2015
6475	20	5762	1965	1965
11105	22	9723	2009	2010
7025	17	6011	1946	1946
598	6	30	1743	1918
8232	20	5596	1986	1986
3907	14	3908	1923	1926
6282	17	6284	1993	1993
11937	22	9633	2007	2008
8258	17	5924	2011	2011
1342	1	1142	1871	1920
4307	14	4308	1912	1914
10982	22	9544	2008	2008
11925	22	11135	2007	2007
5889	17	5892	1998	1998
12243	22	9834	2001	2002
12234	22	10385	1988	1989
11124	22	9624	2013	2022
8006	17	6066	1968	1968
1343	1	129	1920	2022
636	18	788	1979	2004
11502	22	9906	2012	2013
12096	22	10738	2001	2002
6312	20	6319	2004	2004
10837	22	10838	1999	2000
8958	20	8959	2002	2002
9168	20	6706	1917	1917
11022	22	9597	1971	1979
11268	22	11058	2001	2003
3809	14	3810	1880	1886
10963	22	9731	2007	2008
1235	1	1210	1871	1920
8527	17	6272	2009	2009
11541	22	10118	1998	1998
6414	17	6417	1972	1972
12207	22	9771	2013	2013
7320	20	8085	1995	1995
7644	20	7645	2003	2003
11130	22	9663	2015	2017
4807	14	4772	2007	2009
8753	20	6706	1940	1940
3142	14	3512	1866	1868
1038	1	210	1968	2022
3163	14	4127	1983	1987
934	1	866	2015	2022
8182	17	7721	1969	1969
7964	20	8129	2005	2005
12040	22	9949	2007	2009
8516	19	2048	1907	1973
385	1	148	1790	1968
11373	22	9695	1974	1975
8841	17	6966	2003	2003
11068	22	10319	2010	2012
2525	9	2526	1992	2022
10690	22	10691	2013	2014
2681	14	4574	1797	1797
1287	1	129	1790	1871
4761	14	3454	2017	2022
9070	17	6514	2000	2000
4827	14	3439	2009	2010
1522	1	148	1790	1968
4733	14	4112	1940	1943
12457	22	10387	1982	1988
6784	20	6786	2011	2011
8907	17	8909	2006	2006
7533	20	5762	1938	1938
10869	22	10807	2000	2001
1822	3	1776	1958	2007
3090	17	5947	1952	1952
4717	20	6012	1913	1913
11839	22	10118	2012	2015
10909	22	10911	1994	1995
4851	14	3498	2003	2015
5596	16	5597	1976	1976
3743	14	3737	1818	1822
5066	15	4971	2016	2022
1335	1	129	1920	2022
7668	17	7335	2010	2010
8351	17	5915	2003	2003
2056	15	4988	962	1806
810	1	416	1914	2014
3168	11	3104	1992	2007
8154	17	7092	1920	1920
10021	22	5478	1968	1972
5678	16	3243	2013	2013
1356	1	1142	1871	1920
2348	17	6924	1957	1957
7056	17	7058	2009	2009
11515	22	10140	2001	2008
8637	20	8972	1991	1991
9805	22	9558	2008	2011
1893	23	3074	1924	1926
6312	22	6517	1992	2003
7559	20	6875	1957	1957
9940	22	9789	2009	2009
11117	22	9713	2008	2010
12440	22	11034	2007	2008
10717	22	5653	1994	1995
5504	17	6318	2006	2006
10617	22	10524	2005	2022
3682	14	3457	2005	2010
9377	20	5762	1960	1960
982	1	148	1790	1968
12166	22	10278	2012	2012
11430	22	10265	2009	2009
11014	22	10270	2010	2011
2395	14	3811	2005	2007
9518	21	9519	1850	1850
2428	20	6852	2001	2001
11771	22	11006	2010	2011
8231	20	9354	2014	2014
11150	22	10051	1989	1990
11575	22	10723	2005	2006
9571	22	9546	2001	2002
9431	20	5762	1937	1937
10214	22	9552	2011	2012
569	1	361	1915	2015
4860	14	4861	1994	2002
4553	14	4554	1519	1538
7890	20	6850	2006	2006
10728	22	10729	1999	2000
11907	22	10789	2003	2005
3341	13	3267	1973	2022
11918	22	5468	2010	2013
566	1	243	1914	2014
2363	17	7174	2000	2000
8777	17	7094	2014	2014
4653	14	3656	1995	2005
8566	17	7351	2001	2001
5220	15	4971	2016	2022
428	6	170	1990	2022
4709	14	4705	2006	2007
391	1	129	1790	1871
12026	22	9539	1977	1984
4243	14	3450	1990	2014
2832	14	3922	1854	1857
3334	13	3333	1932	2022
5755	16	5758	2013	2013
11647	22	10119	2007	2008
11668	22	10344	1989	1991
2979	17	5817	1923	1923
4346	14	3700	2007	2011
11339	22	10580	2005	2006
12473	22	10346	2009	2009
12223	22	9579	2005	2008
2448	20	7791	1980	1980
12044	22	10591	1996	1999
11944	22	11386	2008	2008
8469	20	5762	1958	1958
3106	11	3087	1937	1991
11953	22	10986	2005	2005
7789	17	5950	1945	1945
7659	17	7274	2001	2001
2448	8	2462	1980	1990
8826	17	8401	1956	1956
941	1	865	1914	2014
2987	17	5874	2014	2014
1821	3	1776	1958	2007
2646	9	2482	1935	1943
8778	17	6897	1949	1949
4436	14	4437	1994	1997
11192	22	10136	2001	2002
10607	22	9789	1997	1997
8704	17	6156	1996	1996
3990	14	3456	2010	2015
5130	15	4973	1916	2016
12325	22	10403	2008	2008
1270	1	129	1920	2022
8011	20	9326	2006	2006
7547	20	6665	1988	1988
11309	22	10695	2005	2009
1999	15	5024	1939	2022
11000	22	9592	2015	2015
1760	2	1671	1991	2022
6726	17	6637	2009	2009
3259	13	3263	2001	2022
4431	14	3937	1975	1980
5708	16	5633	2012	2012
8874	17	8875	2002	2002
6949	17	6951	2011	2011
4109	23	3072	1984	1988
3373	13	3326	1962	2022
7970	20	8772	2010	2010
2794	14	3475	1985	1994
3134	11	3129	1925	1968
1202	1	125	1790	1871
11973	22	9853	1997	1997
8587	17	6805	2003	2003
10108	22	10110	1987	1987
11786	22	11154	2011	2012
5494	22	9568	1965	1977
5370	16	5377	1994	1994
6663	17	6664	2004	2004
6769	17	6771	1993	1993
11172	22	9931	1996	1998
12490	22	10688	2002	2007
7800	20	9273	1974	1974
1083	1	129	1790	1871
3168	11	3169	1968	1970
11429	22	9589	1998	1998
7310	20	6786	2012	2012
678	1	681	2015	2022
10160	22	9730	2001	2002
2138	7	2236	2016	2020
7547	20	6664	1986	1986
1592	6	29	1944	1991
10441	22	9918	2003	2003
11115	22	5470	2000	2002
4109	14	3450	2013	2022
306	1	307	2016	2022
11960	22	10564	2007	2010
5729	16	2469	2005	2005
1908	4	1833	1969	1969
1126	1	210	1968	2022
11760	22	9752	1998	1998
6454	17	6458	1980	1980
11835	22	9731	2005	2005
655	1	420	2015	2022
1169	1	953	1920	2022
7553	20	5762	1922	1922
9288	20	5762	1904	1904
11330	22	10812	2008	2011
11603	22	9653	1992	1995
11749	22	9826	2008	2008
9423	20	6706	1932	1932
2475	14	3690	1835	1836
1426	1	535	1915	2015
8544	17	7092	1957	1957
11678	22	9576	2011	2011
2796	9	2505	1958	1973
385	1	210	1968	2022
9280	20	8444	1992	1992
9365	20	6012	1958	1958
7957	17	6909	1984	1984
6684	17	5875	1995	1995
8344	17	8345	1959	1959
11864	22	9990	1992	1995
3053	17	6601	1987	1987
8587	17	8588	1997	1997
10090	22	9609	2008	2012
7223	20	7301	1978	1978
2428	17	7119	2001	2001
8060	17	8061	1961	1961
9972	22	9925	2003	2007
9069	17	7090	2002	2002
2	1	276	1954	2022
10276	22	9597	2006	2007
6661	20	5762	1952	1952
11292	22	9798	2005	2006
5596	16	5602	2000	2000
11835	22	10064	2014	2014
2519	9	2520	1983	2015
7045	17	7104	2000	2000
10830	22	9592	2002	2004
11488	22	11489	1996	1997
10797	22	9564	2007	2008
12025	22	9942	2003	2005
6195	20	6197	1988	1988
10120	22	9765	2005	2005
7891	17	6284	1969	1969
38	0	39	2015	2022
4238	14	3721	1135	1141
7136	17	6512	1989	1989
9963	22	9653	2008	2010
9068	20	7150	1980	1980
11408	22	10708	2007	2007
3965	14	3966	1890	1891
4277	17	6417	1990	1990
10636	22	10637	1920	1928
12273	22	10040	2000	2002
12421	22	11266	2007	2012
11372	22	9589	1986	2003
236	1	1122	2007	2022
5502	22	9583	1989	1989
11855	22	9886	2005	2007
2674	9	2493	1994	2022
12354	22	9708	2000	2002
5221	15	4971	2016	2022
11593	22	10637	2005	2006
3600	14	3537	1988	1988
4248	14	4249	2002	2010
11973	22	10161	2005	2009
6726	17	5838	2008	2008
2889	17	7468	2009	2009
12208	22	9912	2012	2022
630	6	30	1721	1917
10192	22	10038	2009	2009
3011	14	3906	1942	1943
12068	22	10191	1995	2000
284	13	3245	1987	2022
11604	22	9910	2007	2009
11167	22	10202	1991	2002
5411	16	5539	1996	1996
142	6	29	1944	1991
11647	22	10094	2005	2008
10860	22	10334	2000	2003
10492	22	10096	2006	2006
4488	14	3937	1908	1912
5548	16	5720	1994	1994
10757	22	9754	2006	2008
8654	17	6581	1997	1997
156	1	122	1790	1871
8928	17	5815	1963	1963
11765	22	11133	2001	2003
501	1	503	2015	2022
8069	17	6951	2013	2013
11085	22	10742	2000	2001
11923	22	11064	1988	1989
12242	22	10433	2012	2013
10331	22	10332	2008	2008
788	1	636	1978	2004
4915	14	4917	1917	1924
10366	22	10367	2008	2009
6137	20	6142	2011	2011
1205	1	953	1920	2022
5505	22	10231	1946	1946
3178	17	5953	1944	1944
1286	1	129	1790	1871
9076	17	7862	1996	1996
8998	17	8852	1991	1991
8777	20	6471	2010	2010
12345	22	9858	1937	1938
186	1	362	1915	2015
10745	22	2999	1997	1999
1254	1	129	1790	1871
7083	17	6997	1978	1978
8426	17	6867	1971	1971
4302	14	3433	1972	1974
11589	22	10091	1997	1999
8216	20	8217	1987	1987
12019	22	10018	1992	1993
7329	20	7330	1965	1965
8280	17	6893	2015	2015
11127	22	10359	2005	2005
11509	22	11436	1993	1995
8689	17	8175	2007	2007
2388	17	5762	1972	1972
10533	22	10534	2001	2003
12081	22	9669	2007	2008
8249	17	7948	1988	1988
8849	17	6415	1988	1988
11108	22	10118	1998	2005
1247	1	129	1790	1871
8380	17	6224	1935	1935
2428	20	6471	2011	2011
11205	22	10644	2004	2004
7873	20	7150	1996	1996
10993	22	9689	1983	1983
11762	22	10325	2006	2008
3174	14	3976	1992	1993
2707	9	2667	1992	2022
5466	16	5473	1967	1967
2756	17	7172	2010	2010
11715	22	11273	2000	2001
11969	22	9554	1999	2006
2349	17	8101	1992	1992
2099	9	2493	1992	2022
546	1	539	2009	2022
5720	17	7839	2001	2001
5667	20	8236	1987	1987
3313	13	3314	1996	2022
5424	17	5420	1983	1983
5611	16	5615	1976	1976
12079	22	10256	1997	2000
12032	22	10355	2013	2015
7166	17	5816	2015	2015
12460	22	11180	2010	2011
11130	22	10018	2010	2011
805	1	123	1871	2022
6914	17	6916	1969	1969
2139	6	26	1991	2022
2341	8	2389	1957	1959
8750	20	6397	2011	2011
11621	22	10250	1985	1989
10551	22	10553	2000	2000
8763	20	5548	2002	2002
11621	22	9622	1989	1994
2891	9	2480	1951	2022
8965	20	7546	1998	1998
8046	17	8047	1998	1998
8560	17	8117	2002	2002
11009	22	9597	2004	2005
12280	22	5585	2014	2022
4025	17	5844	1955	1955
1239	1	129	1920	2022
8441	17	5836	1976	1976
542	1	1028	2016	2022
55	1	57	2014	2022
2470	20	7605	2004	2004
4609	14	3437	1997	2015
6595	17	6262	1971	1971
5727	17	6853	2011	2011
9312	20	6780	1927	1927
8641	17	8343	1930	1930
330	1	331	1915	2015
11812	22	10767	1998	2000
4807	14	3457	2005	2010
3122	11	3123	1981	2014
12259	22	10453	2006	2009
5263	15	4971	2016	2022
3662	14	3441	1974	1980
11391	22	10340	2005	2006
12050	22	10687	2011	2012
3655	14	3551	2003	2007
8799	20	6112	2001	2001
5962	17	5971	2010	2010
9015	20	5842	1989	1989
3170	11	3087	1941	1949
10899	22	5655	2005	2009
9388	20	9050	1997	1997
836	1	837	1897	1997
3248	13	3247	2006	2022
3170	17	6011	1942	1942
10364	22	9547	2013	2014
11922	22	10619	2005	2008
286	1	287	2015	2022
3150	14	3450	2004	2005
11634	22	10556	1995	1995
9480	21	9481	2010	2011
7422	20	8100	1984	1984
5958	20	5762	1964	1964
1231	1	129	1920	2022
10667	22	9580	1994	1995
8541	17	6747	1984	1984
1045	1	126	1871	1920
168	1	159	1968	2022
11000	22	10030	2014	2014
11946	22	10628	2003	2012
8334	17	5800	1991	1991
6546	20	6392	1968	1968
11734	22	10273	2008	2009
4404	14	3495	1941	1945
894	1	865	1914	2014
11719	22	10408	2004	2007
8006	17	6169	1970	1970
2717	14	3470	1877	1878
6053	17	8528	2006	2006
8892	17	8236	1992	1992
92	1	586	1944	1945
4388	14	4011	2006	2022
1305	1	129	1920	2022
11240	22	10320	2003	2005
9095	20	7377	1961	1961
7522	17	6066	1973	1973
2677	9	2492	1956	2022
2655	20	7092	1929	1929
1961	6	2008	1804	1809
12410	22	9990	2013	2015
11806	22	9564	1995	1996
8550	17	5873	1888	1888
11069	22	9777	2007	2022
3844	14	3496	1853	1855
4036	14	3498	1950	2014
1891	4	1892	1996	1996
8871	17	6008	1985	1985
12131	22	11202	2010	2012
9444	21	9445	2002	2002
1893	20	7092	1943	1943
7831	20	7832	2001	2001
5370	16	5392	2003	2003
6258	17	6260	2005	2005
11468	22	9834	2006	2007
2886	11	3153	1927	1946
3511	14	3516	1983	1984
11723	22	9886	1974	1978
1693	2	1672	2003	2022
133	1	125	1790	1871
11475	22	9763	2015	2022
8617	17	6202	1989	1989
12294	22	11489	2009	2010
11911	22	10779	1996	1999
4694	14	3431	2012	2017
527	1	528	1916	2016
11761	22	9830	2007	2007
11626	22	10073	1998	1999
1745	17	6958	2011	2011
9423	20	6706	1939	1939
7889	20	7278	1970	1970
2020	6	2009	1867	1918
765	6	29	1922	1991
11016	22	10033	1980	1980
3193	17	6825	1981	1981
9520	21	9521	1890	1890
5911	17	5913	1972	1972
12063	22	9591	2011	2012
11272	22	10770	2005	2007
4820	14	3444	1974	1996
6053	20	9333	1994	1994
879	1	866	2015	2022
8749	20	5722	1948	1948
10868	22	9725	2006	2010
12298	22	9602	2011	2011
7170	17	7092	1954	1954
11083	22	9757	2015	2022
4028	14	3431	2007	2012
2217	7	2218	1935	1940
8015	17	5915	1974	1974
11558	22	11133	2011	2011
9187	20	7092	1910	1910
11691	22	9753	2008	2008
7831	17	7832	2001	2001
2719	10	3016	1912	1918
11780	22	11072	2010	2010
6663	20	6665	2003	2003
5444	16	5550	2009	2009
10606	22	9817	2001	2001
11089	22	10394	1981	1983
1308	1	129	1920	2022
8481	20	7920	2007	2007
6100	23	12553	1963	1988
3812	14	3431	1993	1993
3337	13	3252	1966	2022
6132	17	5815	2006	2006
4434	14	3441	1862	1868
12143	22	10307	2006	2009
10598	22	9937	2007	2007
10448	22	9724	1995	1995
3293	13	3326	1931	2022
3191	12	29	1922	1979
6663	20	6668	2000	2000
4381	14	3431	2007	2012
7928	20	6848	1995	1995
5645	16	5643	2012	2012
5040	15	4973	1915	2015
3782	22	9645	1998	2001
1803	3	1776	1958	1967
710	1	122	1790	1871
11624	22	10853	2002	2005
7450	20	7092	1928	1928
10620	22	9580	2005	2007
1727	2	1671	1976	1990
7293	17	6124	2015	2015
9507	21	9479	1941	1941
9015	20	7862	1997	1997
8121	20	9334	2010	2010
11009	22	9659	2011	2012
6830	21	9471	1933	1933
6796	20	6805	2008	2008
10455	22	9766	2013	2015
11975	22	10288	1980	1981
1547	1	268	1991	2022
7813	20	8017	1999	1999
1961	6	2009	1867	1918
10928	22	9696	2008	2012
4967	14	4026	1972	1974
12390	22	11145	2011	2011
5370	16	5377	1987	1987
8829	20	6162	1998	1998
5782	17	7097	1992	1992
4717	20	6012	1920	1920
5633	20	6722	2014	2014
6624	17	6538	2009	2009
2419	8	2418	1910	1918
10821	22	10445	2016	2022
10443	22	10142	1995	1997
8611	17	8614	2000	2000
3032	17	5873	1895	1895
6686	17	6687	2014	2014
11595	22	9606	1982	1985
11875	22	9651	2004	2009
5506	22	10297	1976	1976
2223	7	2224	1999	2003
3055	17	5816	1982	1982
652	1	159	1968	2022
12055	22	9840	1959	1963
8787	20	7806	1986	1986
9416	20	6875	1938	1938
1912	6	405	1871	1919
11640	22	9612	2014	2014
3888	14	3719	1801	1802
1958	6	2128	1945	1992
3995	14	3473	1997	2001
11469	22	9625	1992	1993
514	15	4983	1914	2014
12213	22	9756	2010	2012
11761	22	9709	2015	2015
6876	17	5873	1915	1915
3304	13	3255	1988	2022
4523	14	3437	1997	2015
8126	20	7096	1999	1999
2310	20	6937	1967	1967
3528	14	3437	1979	1997
330	1	471	2015	2022
12175	22	10153	2010	2011
12193	22	9550	2004	2008
11024	22	9701	1999	2003
5156	15	5060	2015	2022
47	1	176	1964	1997
4061	14	3444	1977	1981
12433	22	10789	2008	2009
8592	17	7348	2009	2009
1183	1	1142	1871	1920
8901	17	6476	2007	2007
1498	1	384	2015	2022
4405	14	4406	1994	1996
806	1	122	1790	1871
2985	11	3129	1965	1974
12174	22	11027	1993	1998
7093	17	8671	2009	2009
4314	14	3675	1920	1921
10584	22	10285	2005	2005
7206	17	6566	1927	1927
3260	21	9434	1905	1911
21	0	23	1915	2015
4268	14	4252	2002	2009
10199	22	10200	2012	2014
3311	13	3245	1988	2022
1869	4	1829	1993	1993
6884	17	5996	1808	1808
7614	17	7040	2009	2009
12326	22	10077	2011	2012
2600	17	7538	1924	1924
6885	17	6886	1931	1931
10999	22	9743	2015	2022
4787	14	3456	2010	2015
6911	17	6912	1985	1985
11918	22	9575	2000	2004
7207	20	7092	1904	1904
11517	22	10268	1980	1983
3036	10	2924	1837	1848
2853	9	2712	1921	1934
11080	22	9538	1991	1991
6597	20	6363	2007	2007
12095	22	11476	2008	2008
1151	1	953	1790	1871
11970	22	9994	2005	2007
6	0	8	1425	1441
11616	22	9728	1989	1989
7025	17	6011	1952	1952
2857	17	6706	1995	1995
3889	14	3462	1990	1992
6334	17	6336	2001	2001
5700	16	5701	1979	1979
11850	22	9674	2006	2006
8681	17	6277	2004	2004
9423	20	6780	1927	1927
6493	17	6985	1991	1991
9948	22	9894	2006	2006
11604	22	11029	2006	2006
7515	17	7092	1936	1936
3303	21	9434	1885	1887
648	1	642	2016	2022
12371	22	9678	2000	2001
1359	1	1210	1871	1920
7679	17	6789	1987	1987
2722	17	6614	1995	1995
6499	20	8670	1997	1997
3508	14	3436	1940	1945
6053	20	8080	2003	2003
8430	17	7923	1984	1984
9470	21	9455	1907	2022
8780	17	8781	2005	2005
10059	22	10062	2015	2022
3597	14	3574	2003	2007
4707	14	4699	1962	1968
1143	1	953	1920	2022
428	6	171	1933	1945
11246	22	11247	2007	2009
11100	22	9640	2006	2006
8365	20	9243	1999	1999
1200	1	953	1790	1871
8135	17	7747	2007	2007
6550	17	6551	2003	2003
8309	17	5959	2008	2008
8029	17	7954	2010	2010
1975	5	1992	1990	2022
2164	6	116	1801	1921
10753	22	10754	2010	2010
6663	20	6678	2007	2007
2762	17	6426	1971	1971
8681	17	6274	2004	2004
9262	20	9182	1996	1996
6968	20	6391	1977	1977
10941	22	10750	2003	2005
11805	22	10919	2000	2001
6696	17	6115	2014	2014
5446	16	5448	2008	2008
5810	17	5811	2000	2000
7634	17	6795	1986	1986
7723	17	7724	2007	2007
2059	6	2053	230	330
11138	22	9934	2007	2008
835	1	679	1914	2014
10852	22	9815	2004	2004
8552	17	8553	1983	1983
9044	17	8376	1982	1982
5361	15	4971	2017	2022
10618	22	10106	2014	2022
4666	14	3437	1997	2022
3067	10	2924	2004	2004
5722	16	5558	1994	1994
1855	10	3002	1984	1988
11521	22	9625	2010	2011
3577	14	3437	1942	2005
3231	12	2048	2006	2022
2634	17	5410	1983	1983
653	1	301	1916	2016
5149	15	5151	2001	2010
5304	15	4971	2017	2022
10966	22	10967	2008	2012
2470	20	6866	2007	2007
5760	17	9040	2010	2010
10816	22	9823	1996	2004
11835	22	9570	2006	2007
6234	17	6238	1915	1915
2314	8	2313	2015	2022
4065	14	4066	1993	1994
11689	22	10085	2014	2014
11671	22	10284	2015	2022
9855	22	9756	2004	2006
8947	17	6302	2011	2011
8575	20	8576	2004	2004
7828	20	7354	1953	1953
2286	17	6438	1992	1992
11500	22	10359	1989	1992
2055	9	2497	1951	2002
8405	17	6593	1993	1993
6567	17	6573	2002	2002
3766	14	3768	1809	1814
12390	22	5478	2002	2003
8683	17	6582	1990	1990
8572	17	6324	2005	2015
7173	17	6240	1976	1976
12265	22	10326	1996	2005
10363	22	9924	2011	2012
637	1	366	1914	2014
12027	22	10279	2005	2005
6868	17	6869	1998	1998
9151	22	9665	1995	1999
9509	21	9493	1210	1210
2074	6	2075	1803	1807
10923	22	10627	1983	1984
11581	22	10593	1994	1994
7120	17	6420	2010	2010
11681	22	10488	2011	2011
1243	1	1142	1871	1920
4150	14	4151	1995	1996
7812	17	6426	1995	1995
10406	22	9783	2002	2002
3613	14	3481	1979	1989
1541	1	148	1790	1968
11656	22	9754	1992	1993
8011	17	8013	2002	2002
3440	14	3442	1628	1633
7644	20	9290	2002	2002
11375	22	9701	2006	2008
985	1	241	1968	2022
5081	15	4973	1915	2015
12005	22	9698	2009	2011
2680	14	3450	2009	2013
11545	22	10257	2015	2015
4662	14	4163	1994	2000
7825	20	6386	1988	1988
10898	22	9816	1994	1994
10837	22	10765	2000	2001
7800	17	6827	2001	2001
11924	22	9660	1970	1972
12454	22	11442	2005	2006
11296	22	10335	2007	2010
8213	23	12526	1941	1970
6053	20	6054	1993	1993
3386	13	3247	1966	2022
7886	20	7887	2003	2003
9982	22	9570	1977	1978
7187	17	7188	2006	2006
12142	22	10340	2011	2011
961	1	210	1968	2022
11577	22	10308	2014	2015
12345	22	10030	1928	1928
10508	22	10082	2008	2008
8359	17	6606	1980	1980
10410	22	10299	2003	2004
4040	14	3777	705	711
2294	8	2295	1954	1959
10056	22	9923	1972	1973
1894	17	5836	1975	1975
10441	22	5650	2013	2013
11752	22	10115	2002	2003
11105	22	9725	2000	2007
2660	9	2493	2008	2022
10180	22	9926	1993	1994
3194	17	5833	1997	1997
831	1	416	1914	2014
6350	20	6352	1997	1997
7125	17	7126	1903	1903
2594	9	2595	2010	2022
11764	22	9648	2002	2002
9167	20	5762	1902	1902
428	15	5024	1890	2022
3065	20	6192	1980	1980
12010	22	9630	2002	2003
9680	22	9556	2011	2012
12306	22	11155	2005	2010
10969	22	10037	2007	2008
9108	20	6963	2012	2012
12027	22	10986	2004	2005
10338	22	10286	1994	1995
8125	17	7448	1986	1986
169	1	174	1618	1701
7368	17	8479	1963	1963
3756	14	3433	1857	1861
4086	14	3431	2004	2007
4508	14	4493	1997	1998
10895	22	10639	2011	2012
2760	20	6780	1957	1957
2272	8	2271	1932	1945
396	5	1965	1992	1992
4328	14	3489	1974	2005
11726	22	9717	1997	2002
4736	14	3717	1849	1850
4540	14	4541	2008	2011
11330	22	10268	2015	2015
3393	13	3308	1989	2022
12153	22	11145	2010	2013
4464	14	4186	1996	2000
1983	6	171	1933	1945
5117	15	4971	2017	2022
11949	22	10433	2015	2022
11668	22	9750	1998	1999
655	1	419	1915	2015
9413	20	7092	1952	1952
1927	5	717	1989	2022
11103	22	9776	2011	2014
8163	17	5762	1930	1930
4121	14	3945	1975	1975
7339	17	7161	1974	1974
9025	17	8465	2012	2012
1470	1	599	2015	2022
11755	22	9744	1976	1979
5007	15	4973	1915	2015
3178	17	6601	1965	1965
4200	14	4085	2005	2014
11526	22	9840	2001	2005
8878	17	6373	1990	1990
8125	17	6434	1989	1989
6663	17	6673	2001	2001
2106	6	2152	2003	2006
4609	14	3458	2001	2005
4586	14	4587	1894	1903
11433	22	9810	2010	2013
11633	22	5587	2006	2022
8896	20	8897	1983	1983
4801	14	3457	2009	2010
8929	17	8549	1944	1944
5553	16	5567	2009	2009
10937	22	9599	2013	2013
7865	17	6780	1999	1999
10668	22	9687	1988	1988
5727	17	6152	1996	1996
12436	22	11197	2008	2008
2312	8	2311	1919	1930
906	1	865	1914	2014
3770	14	3757	1988	1991
308	15	4973	1915	2015
2854	9	2835	2010	2022
11051	22	9630	1991	1992
12125	22	9619	2015	2022
6663	20	6675	2000	2000
8258	17	8262	1997	1997
11176	22	9561	2016	2022
10758	22	9846	2009	2009
11953	22	9723	2014	2015
11231	22	9845	2011	2012
135	18	1013	1967	2022
12381	22	2772	2008	2009
7733	17	7735	1997	1997
12464	22	9717	2012	2014
12270	22	10497	2007	2007
6462	17	6068	1954	1954
2778	17	6653	1976	1976
10070	22	9568	2010	2022
11223	22	10250	1997	1998
3215	12	2048	1978	1980
11433	22	10938	2008	2010
11576	22	11039	2011	2014
11727	22	11264	2009	2009
8904	20	7513	2001	2001
3813	14	3458	2001	2005
1380	1	953	1920	2022
5213	15	4973	1916	2016
10574	22	10373	2009	2010
665	1	666	2016	2022
228	6	229	752	1870
12152	22	9692	2002	2004
8587	17	6240	2007	2007
11938	22	9590	2006	2008
7942	17	5912	2015	2015
2785	9	2520	1875	1896
4043	14	3774	1953	1957
11343	22	10671	1997	2000
1310	1	122	1790	1871
1234	1	1210	1871	1920
6779	20	6780	1952	1952
7043	20	7044	2006	2006
947	1	123	1871	1973
12104	22	9604	2006	2012
4707	14	4316	1972	1976
5410	16	2973	1983	1983
9151	22	10157	2008	2008
2846	17	7469	1983	1983
7458	17	6700	1952	1952
3567	14	3568	1999	2001
1895	4	1833	1998	1998
9755	22	9587	2003	2009
3391	13	3247	1987	2022
12481	22	9687	2001	2002
8024	20	7862	1986	1986
7652	17	6172	1991	1991
12287	22	10104	2007	2010
6663	20	9193	2001	2001
949	1	148	1790	1968
2967	23	3007	1943	1970
8126	20	7808	1997	1997
3008	17	7274	2000	2000
11332	22	9833	2012	2013
12111	22	10028	2005	2007
11407	22	10261	2012	2013
3792	14	3526	1987	1989
2024	15	5145	1972	1983
8584	17	7212	1999	1999
7015	17	7016	1987	1987
8035	20	8036	2010	2010
9144	18	1029	1916	2016
11664	22	10156	1964	1965
11267	22	10201	2008	2011
11680	22	9994	2011	2012
2682	17	6782	1958	1958
1104	1	1001	1916	2016
2470	20	7605	1978	1978
2363	8	2364	1956	1962
1231	1	122	1790	1871
1141	1	953	1790	1871
10364	22	9797	2011	2012
10726	22	9747	1997	1999
9414	20	5762	1926	1926
1402	1	429	2009	2022
10736	22	10378	2015	2016
7940	17	7941	1994	1994
2910	17	5836	1997	1997
2642	13	2552	2009	2022
10828	22	10024	2008	2010
658	1	172	1918	2022
8443	20	9273	1982	1982
2859	17	7196	1995	1995
1893	12	2155	1941	2005
11348	22	9941	2004	2004
1162	1	953	1790	1871
8740	17	8741	1993	1993
10477	22	10028	2005	2006
6546	20	6391	1967	1967
4603	14	4172	1949	1952
10662	22	9853	1989	1990
9033	20	9034	2010	2010
11215	22	9724	1971	1971
11848	22	11574	2009	2010
6053	20	8096	1990	1990
11663	22	10165	2006	2011
8391	17	6937	2004	2004
10884	22	10688	2005	2009
157	1	129	1790	1871
11429	22	10073	2004	2005
2857	17	6283	1993	1993
10465	22	9645	2016	2016
6663	20	6678	2000	2000
1903	10	3017	1996	2011
1216	1	953	1920	2022
315	1	122	1790	1871
11589	22	10001	1999	2000
436	1	437	2015	2022
8124	20	6362	2009	2009
11218	22	10302	2007	2010
3194	17	7229	1996	1996
8258	17	8269	2004	2004
10160	22	9926	2008	2010
10419	22	9678	2000	2002
5553	16	5559	1987	1987
5699	22	9623	2002	2003
1975	5	169	1992	2022
12000	22	9696	2008	2009
2671	9	2672	1822	1832
7623	17	5838	2015	2015
9214	20	6012	1908	1908
10936	22	9592	2010	2011
2343	8	2342	2005	2022
9559	22	9564	2002	2003
11821	22	5467	2014	2022
829	1	787	2009	2022
151	1	122	1790	1871
12328	22	10523	2009	2012
11158	22	10686	2009	2010
5611	16	5619	1990	1990
11892	22	10614	2001	2002
169	5	1926	1967	2022
12209	22	10420	1998	1998
11309	22	9679	1999	2008
2454	8	2455	2000	2003
6119	17	6643	2010	2010
9108	20	9112	2004	2004
12215	22	9926	2008	2009
8697	20	8698	1979	1979
12079	22	10378	2003	2004
4069	14	4070	1967	1998
6796	17	6804	2013	2013
10703	22	9811	1981	1984
12447	22	9949	1976	1976
7956	17	6262	2011	2011
4281	14	4156	1901	1902
10063	22	9543	1945	1946
12185	22	10427	1990	1994
12134	22	2157	2013	2014
1951	5	1953	1992	2022
2137	6	26	1991	2022
4608	14	3781	1913	1914
7865	17	7867	1992	1992
12158	22	9549	1944	1949
11796	22	10165	2016	2022
12166	22	10779	2010	2012
1898	23	2997	1904	1926
6936	20	6867	2003	2003
1822	3	1778	2007	2022
10987	22	9724	1987	1987
11936	22	9780	1996	1997
10841	22	9759	2009	2012
10374	22	10375	1999	2000
11653	22	10536	2007	2008
2884	9	2731	2005	2022
10090	22	10092	1997	2002
11437	22	9622	2015	2016
11871	22	11142	1992	1999
4794	14	4486	1298	1356
9531	21	9457	1961	1961
3108	14	3726	1966	1978
8704	20	8257	1995	1995
11763	22	10111	2000	2002
12318	22	9846	2007	2010
9351	20	5762	1935	1935
3946	14	3496	1981	1999
11555	22	9851	2007	2009
11203	22	10370	2007	2009
2349	17	8103	1995	1995
279	1	125	1790	1871
12007	22	9969	1999	2000
12378	22	10231	2009	2009
6849	20	6547	1972	1972
12245	22	10664	2005	2006
8617	17	6240	1992	1992
12262	22	9771	2013	2015
11228	22	9673	2005	2006
9397	20	6706	1951	1951
7312	17	7415	2009	2009
1902	17	7899	2005	2005
2126	6	2009	1867	1918
5647	16	5655	2007	2007
1578	1	411	1916	2016
8940	20	6706	1929	1929
6663	20	6671	2007	2007
5852	20	5762	1934	1934
11235	22	11236	2003	2003
5559	17	5815	1984	1984
11706	22	9658	2008	2009
8462	17	7254	1969	1969
11646	22	10558	2004	2009
9292	20	6328	2007	2007
1693	2	1671	2010	2022
6836	17	5839	1981	1981
12383	22	11591	2009	2010
5720	17	5722	1996	1996
5061	15	4973	1916	2016
588	1	591	1938	1941
4617	14	4408	1975	1978
7170	20	7092	1954	1954
8081	20	8088	2013	2013
12310	22	9776	1967	1968
7975	17	6780	2001	2001
12288	22	9579	1979	1981
654	1	129	1790	1871
5301	15	4973	1916	2016
1476	1	148	1790	1968
8801	17	8802	1981	1981
9393	20	5762	1949	1949
9490	21	9491	1920	1920
12208	22	11157	2015	2022
9733	22	9735	2011	2011
4784	14	3456	2013	2015
2596	9	2533	1973	2022
8543	20	7092	1939	1939
11438	22	10926	2010	2012
12007	22	11157	2013	2014
1096	15	5028	1915	2015
10586	22	9592	2010	2015
5298	15	4971	2016	2022
8287	17	7597	2012	2012
6773	17	5959	2013	2013
6137	20	6145	2009	2009
10124	22	9546	1976	1982
6599	23	12547	1888	1918
4073	14	3431	1993	1997
4098	14	4100	2009	2010
2106	16	5769	1988	1988
8584	17	6662	1996	1996
19	6	2018	1989	2022
3159	17	5947	1956	1956
5919	20	5921	1977	1977
11765	22	9829	2009	2010
5852	20	5762	1964	1964
11222	22	10125	2016	2022
11235	22	10360	2004	2004
6053	20	9002	1995	1995
75	1	76	1915	2015
4317	17	6050	1999	1999
12306	22	11714	2002	2008
10419	22	9592	2005	2011
477	1	123	1871	2022
5596	16	5598	1981	1981
12023	22	9591	2006	2007
3234	22	10439	2011	2012
11311	22	9576	2007	2009
1745	17	6958	2012	2012
12323	22	10522	2008	2010
1368	1	953	1920	2022
1878	14	4383	2010	2012
9476	21	9442	1587	1587
6663	17	6668	2001	2001
5411	16	5544	1999	1999
11453	22	10433	2011	2012
3823	14	3824	2011	2022
7195	17	7199	1985	1985
1725	2	1671	2004	2022
9430	20	6150	1981	1981
12070	22	9891	2008	2010
4538	14	3791	2016	2022
11947	22	10516	2004	2005
2237	7	2238	1989	1990
1519	1	210	1968	2022
11647	22	10165	2011	2011
11541	22	9651	1995	1997
11723	22	9701	1969	1971
47	0	49	1930	1935
11766	22	10079	2008	2013
7881	20	6780	1944	1944
8011	20	8014	2003	2003
8893	20	7371	2010	2010
3626	14	3436	1979	1981
11862	22	10069	2006	2007
7813	17	7814	1999	1999
5665	16	5666	1977	1977
11002	22	11003	2010	2011
11539	22	9777	2009	2022
6663	20	6680	2007	2007
4552	14	3945	2010	2013
11728	22	10380	2008	2009
2980	14	3883	1997	2000
2643	20	6780	1964	1964
11395	22	10480	2012	2015
11893	22	11042	2009	2011
12498	22	9543	1997	1998
11818	22	11457	2003	2004
3064	17	5947	1978	1978
6584	17	6585	2010	2010
2829	17	6036	2013	2013
11562	22	9706	1989	1991
10868	22	9723	2013	2022
11585	22	9574	2009	2010
3806	14	3715	1789	1794
10908	22	10008	2010	2011
8587	17	6240	2000	2000
7511	17	6417	1987	1987
10493	22	5650	2004	2008
11610	22	10025	2012	2014
12213	22	10285	2013	2013
10662	22	9818	1990	1991
12441	22	9998	2006	2008
1565	1	148	1790	1968
11411	22	10405	2013	2014
2643	17	6780	1970	1970
11863	22	9701	2010	2012
10425	22	10005	1977	1987
11730	22	10843	2009	2010
11902	22	10302	2007	2009
12198	22	10224	1976	1976
3829	14	3496	1831	1833
5635	16	5637	1994	1994
8992	17	8994	1990	1990
10459	22	9585	1994	1995
1046	1	210	1968	2022
5774	16	5775	1971	1971
9495	21	9442	1992	1992
204	1	123	1871	2022
1858	14	3731	1999	2000
10495	22	9942	2014	2015
2698	9	2490	1956	2022
4213	14	4214	1918	1925
4336	14	4337	1954	1965
5919	20	5921	1974	1974
9366	20	6780	1929	1929
11268	22	11250	2003	2004
5596	16	5603	2011	2011
8520	17	5836	1990	1990
5756	17	5755	1999	1999
10354	22	9674	2016	2022
726	1	757	2005	2016
2893	17	6285	1991	1991
11254	22	9822	1992	1994
1075	1	1077	2015	2022
8859	17	7244	2007	2007
11071	22	5588	1999	1999
8763	20	7839	2005	2005
11104	22	9858	1997	1997
7266	17	6094	2007	2007
8641	17	8642	1921	1921
9523	21	9437	1982	1982
11253	22	10565	1995	1995
10212	22	9552	2001	2010
7303	17	7122	2006	2006
3108	17	8458	1978	1978
5548	16	5549	1977	1977
5246	15	4973	1916	2016
8992	17	8802	1974	1974
12218	22	9926	2012	2012
11585	22	9636	2014	2015
9819	22	9543	2007	2011
2693	17	5952	1945	1945
5665	16	5676	2003	2003
6769	20	6771	1993	1993
9403	20	7625	2014	2014
4813	14	3454	2017	2022
7329	20	7330	1971	1971
55	0	59	1946	1991
2819	9	2526	1958	1990
8024	20	9165	1985	1985
8290	17	7244	1989	1989
9627	22	9600	2012	2013
446	7	2235	1967	1985
5713	17	6002	2013	2013
11328	22	10436	2013	2013
504	1	159	1968	2022
458	1	125	1920	2022
12402	22	9761	2005	2005
10554	22	9590	2007	2015
12162	22	10250	2007	2007
861	15	4983	1914	2014
12164	22	9716	1990	1992
2974	17	5999	1998	1998
8024	20	7513	1995	1995
2186	14	4332	1991	1991
7547	17	5972	1984	1984
4250	14	3726	2017	2022
7355	20	6780	1949	1949
1163	1	1142	1871	1920
5786	20	5774	2002	2002
3889	14	3457	2005	2010
5455	16	5451	2003	2003
11946	22	10627	1999	2003
3141	17	5947	1942	1942
8124	17	8984	2008	2008
1265	1	129	1920	2022
5141	15	5088	1896	2006
10222	22	9843	2007	2008
7835	20	5983	2001	2001
683	15	5092	1914	2014
4686	17	7420	2002	2002
11900	22	10782	2016	2022
10535	22	10537	2000	2002
9113	20	7862	2000	2000
11800	22	9699	1996	2001
4059	14	4060	1354	1355
7339	20	7343	1975	1975
1850	17	6339	1986	1986
7239	17	7039	2002	2002
5488	20	6028	2005	2005
1126	1	148	1790	1968
4644	14	3481	1989	1994
6846	17	6391	1982	1982
8989	23	12508	1981	2005
11630	22	11317	1998	2001
8045	17	5815	2014	2014
752	1	753	1914	2014
4952	14	4546	1997	2002
11920	22	10524	2007	2008
7855	20	7856	1998	1998
10700	22	9738	2005	2007
8753	20	6780	1947	1947
7437	17	7234	1995	1995
1329	1	129	1790	1871
11746	22	9810	1999	2000
1593	1	1594	1781	1928
6859	17	6861	2003	2003
1374	1	1142	1871	1920
3173	11	3095	1971	2009
4074	14	3791	1906	1987
9405	20	5722	1991	1991
8185	20	7478	1973	1973
2950	10	2952	1945	1966
11984	22	10142	2000	2001
11498	22	9777	1994	2010
4797	14	3473	1999	2001
10525	22	9653	2007	2009
6663	20	9205	2001	2001
10547	22	5593	2002	2022
10791	22	9949	2012	2013
10736	22	9823	2011	2012
10641	22	10645	2005	2005
10726	22	9562	1999	2004
12369	22	9939	1987	1988
5596	16	2463	1979	1979
339	15	4983	1914	2014
9398	20	9178	2007	2007
8759	20	6706	1926	1926
2815	17	6011	1951	1951
10103	22	10107	2003	2005
10212	22	9775	2010	2012
4770	14	3455	2015	2017
11797	22	9641	2005	2005
1720	2	1672	2009	2022
1532	18	1531	2015	2022
9819	22	9701	2003	2003
6971	20	8295	1991	1991
3795	14	3797	1939	1955
2177	6	170	1990	2022
9014	17	6412	1977	1977
11851	22	9569	2004	2004
1975	6	2066	1946	2022
7195	17	6780	2007	2007
9343	20	8228	2010	2010
1853	4	1829	1992	1992
12329	22	9685	1993	1996
3617	14	3473	1997	2001
826	1	148	1790	1968
12377	22	9686	1999	2000
7736	17	7028	2007	2007
2470	20	9178	1960	1960
12400	22	10153	2008	2009
3322	13	3247	2001	2022
6149	20	6152	1998	1998
3687	14	3473	1997	2001
8133	20	6678	2013	2013
4941	14	3652	2009	2011
2113	6	29	1891	1991
1135	1	531	2015	2022
10725	22	9546	2006	2009
2470	20	7400	1978	1978
8158	17	6242	1990	1990
2428	17	6471	2002	2002
169	5	1936	1992	2022
702	1	28	1891	1991
958	1	159	1968	2022
9365	20	6012	1962	1962
4161	14	3495	2009	2015
8851	20	8852	1974	1974
9390	23	12511	1941	1961
2055	18	1029	1916	2016
284	6	2095	1805	1815
11490	22	10723	1995	1995
8431	17	8432	1909	1909
612	1	487	1914	2014
8389	17	5836	1999	1999
8346	17	7338	1958	1958
1970	6	2084	1569	1801
4133	14	3423	2007	2022
11615	22	2157	2014	2016
10871	22	10633	2005	2007
1667	1	125	1790	1871
1232	1	129	1920	2022
2841	9	2520	1990	2008
2024	6	1439	1975	1983
11911	22	11832	1990	1995
8885	17	6069	2013	2013
10312	22	9642	2009	2022
11822	22	10893	2015	2022
3296	13	3255	1963	2022
10677	22	9603	2008	2011
7146	17	6003	1988	1988
11912	22	10122	2011	2011
11439	22	9639	2008	2008
8006	23	2949	1917	1947
11836	22	9728	2010	2010
6663	20	6681	2002	2002
1229	1	129	1790	1871
1163	1	953	1790	1871
2089	6	86	1607	1707
938	1	866	2015	2022
7207	20	7092	1903	1903
12128	22	10879	2007	2008
12016	22	9579	1933	1937
11426	22	10340	2008	2008
4845	14	3492	2002	2004
4435	14	3523	1886	1888
230	1	179	1994	2022
11150	22	10073	1997	2000
9015	17	7862	2004	2004
4775	14	3496	1921	1928
11492	22	10490	2010	2012
11469	22	9816	1986	1986
5506	20	5808	1959	1959
6053	20	8080	1994	1994
9085	17	8294	2011	2011
5370	16	5396	2008	2008
8009	17	8010	1975	1975
5118	15	4971	2017	2022
44	5	1994	1990	2022
10968	22	9837	2013	2013
5695	22	9689	1994	1998
10103	22	9603	2014	2017
11658	22	10091	2008	2011
4959	14	3693	1930	1935
9111	17	6963	1997	1997
8888	17	5947	1979	1979
6663	20	6667	2004	2004
11769	22	10808	2004	2005
5788	16	5793	2000	2000
11166	22	10125	2009	2010
2830	17	6933	1980	1980
11020	22	10458	1987	1993
11529	22	10111	1980	1981
1876	4	1829	1999	1999
8216	20	8728	1987	1987
12384	22	10393	2010	2010
12262	22	10896	2011	2012
11831	22	11380	1990	1990
12381	22	9668	2002	2003
9559	22	9563	2000	2001
3577	14	3473	1997	2001
5840	20	7513	1995	1995
3459	14	3462	1983	1983
7252	20	7097	2009	2009
4387	14	3437	1979	2005
6982	20	9182	1996	1996
8871	17	8248	1953	1953
9607	22	9581	2015	2022
2640	9	2482	1914	1925
1602	1	1597	2015	2022
11865	22	9549	2010	2012
11813	22	9774	2004	2005
4935	14	3458	2001	2005
3617	14	3458	2001	2005
3115	17	6213	2006	2006
4487	14	3639	2001	2006
34	1	35	2008	2022
9086	17	6229	2008	2008
4233	14	4234	1998	2005
12350	22	10594	2005	2007
231	1	123	1871	2022
2716	9	2520	2017	2017
6402	17	6404	1990	1990
7523	17	6461	2004	2004
4831	14	3441	1310	1368
12472	22	10595	2011	2022
11908	22	9759	1998	2004
3884	14	3885	2003	2007
4823	14	4044	1898	1898
11906	22	9797	2002	2003
4582	14	3794	1867	1937
10396	22	9555	2010	2011
3996	14	3455	2015	2017
4642	14	4077	1997	2001
9043	20	6780	1963	1963
10902	22	10271	2010	2010
2402	20	7132	1986	1986
6982	20	9109	1996	1996
8936	17	6430	1984	1984
400	18	399	1949	1990
2796	20	5762	1963	1963
4797	14	3457	2005	2010
8854	22	10646	1993	1993
4522	14	3574	2005	2007
8166	17	6210	2010	2010
9048	17	6841	1940	1940
6868	17	6070	2013	2013
11521	22	11495	2012	2013
5279	15	4973	1915	2015
7215	17	6985	1995	1995
11675	22	9669	2010	2011
5156	15	5059	1979	2015
12166	22	10142	2013	2022
12347	22	9800	2003	2007
8106	20	5921	1989	1989
10966	22	9648	2006	2022
10898	22	9689	2005	2005
11105	22	10359	2014	2014
4315	14	4316	1950	1955
4334	14	3610	1998	2007
8833	17	8612	2010	2010
8637	20	8972	1994	1994
12057	22	10595	2002	2002
12486	22	9845	2010	2013
6992	17	6993	1991	1991
10324	22	10325	1993	1995
4555	14	3825	1996	1997
3213	12	2660	2009	2022
6577	17	6579	1996	1996
5852	20	5762	1956	1956
10443	22	10024	1998	2002
1480	1	411	1916	2016
10190	22	9543	2003	2010
2700	17	6055	1982	1982
12085	22	10881	2012	2022
4904	14	3550	2007	2010
10712	22	10714	1991	1992
11138	22	9780	2008	2013
2669	9	2515	1993	2021
360	1	361	1914	2014
11230	22	10649	1995	1995
1042	18	567	1871	2022
7857	20	8086	1997	1997
2112	6	400	1949	1990
11254	22	10265	2004	2004
6258	17	6259	1988	1988
7986	20	8805	2014	2014
11806	22	9555	1996	1997
3029	17	6011	1949	1949
11656	22	10524	1982	1995
11359	22	9992	2008	2009
7781	20	7783	2009	2009
5496	22	9840	1993	1999
12239	22	10920	2005	2006
2688	9	2517	1885	1941
2910	17	5874	1994	1994
9940	22	9785	2009	2012
4013	14	4017	1982	1987
7550	17	7551	1993	1993
5919	17	5921	1976	1976
11094	22	9867	2009	2012
8618	17	5929	1991	1991
5237	15	4971	2016	2022
7674	23	12515	1980	1980
11446	22	10341	2005	2007
4717	14	3711	1895	1896
5453	16	5454	2013	2013
4927	14	3433	1961	1961
6817	17	7259	1959	1959
12035	22	11157	2008	2010
3103	11	3104	1992	2005
6663	20	6668	2006	2006
2806	17	5820	1980	1980
11615	22	9990	2012	2014
10607	22	10608	2011	2011
8384	23	12507	1957	1961
85	6	116	1801	1922
2512	17	6055	2000	2000
2664	9	2494	1981	2022
10560	22	10561	1993	1997
4485	14	4486	1698	1727
5071	15	4971	2016	2022
636	18	717	1885	1973
8725	20	8727	2009	2009
11549	22	9858	2002	2003
5962	20	5965	1997	1997
25	0	30	1728	1730
11889	22	11336	2013	2015
10610	22	10256	2008	2009
10152	22	9837	2015	2022
6494	17	6337	1988	1988
10736	22	10435	2014	2015
11588	22	10053	2014	2022
5319	15	4973	1915	2015
1271	1	129	1790	1871
8609	17	7713	2008	2008
12387	22	9694	2009	2010
8412	17	7164	1979	1979
10354	22	9672	2012	2014
11864	22	10027	2006	2007
8391	20	6937	2014	2014
6874	20	5798	1990	1990
12454	22	10286	2005	2005
7312	20	6257	2010	2010
10739	22	10742	2010	2010
6656	20	7478	1982	1982
5191	15	5113	1994	2022
12166	22	10140	2013	2014
11340	22	9626	2011	2011
2818	9	2482	1891	1912
340	6	171	1933	1937
7130	20	7132	1995	1995
11355	22	10246	2007	2009
11876	22	9621	1995	1998
1658	1	312	1968	2022
77	1	631	1972	2022
3709	14	3447	1784	1793
7977	17	7255	2008	2008
6968	20	6547	1979	1979
12067	22	10314	1988	1989
11179	22	5589	2003	2004
8579	20	5984	1997	1997
6137	17	6139	2011	2011
11181	22	9730	2006	2007
8467	17	5825	2015	2015
7261	17	5915	2009	2009
3113	14	3524	1841	1846
10503	22	9781	1999	2014
615	1	582	1915	2015
11942	22	10062	1981	1981
7346	17	5942	1988	1988
7741	20	7742	2002	2002
1590	1	122	1790	1871
4279	17	6012	1973	1973
8516	17	6210	1966	1966
8941	17	6240	1988	1988
7547	20	5847	1987	1987
1484	1	336	2015	2022
8939	20	6706	1944	1944
6849	20	6850	1976	1976
7117	17	6552	1985	1985
6968	20	7536	1971	1971
8820	20	7796	2012	2012
11817	22	9621	2015	2022
5302	15	4971	2017	2022
7544	17	6276	2001	2001
12077	22	10914	1970	1971
8504	22	11551	1989	1994
5501	22	10351	1992	1993
781	1	210	1968	2022
9003	17	6553	2006	2006
1885	17	6169	1996	1996
5574	17	5572	1977	1977
10554	22	2999	2000	2002
11993	22	10217	1998	1998
11850	22	9831	2004	2004
8820	20	9362	2010	2010
11783	22	10048	1998	1998
12048	22	10340	2010	2010
4817	14	3444	2010	2013
4197	14	4752	2000	2002
11388	22	9912	1963	1967
3335	13	3336	1986	2022
2659	20	6780	1966	1966
8930	17	5453	1929	1929
1089	1	666	1916	2016
1544	1	210	1968	2022
12160	22	9809	2008	2012
177	1	123	1871	2022
5850	17	5851	2013	2013
6914	17	6095	1991	1991
9705	22	9710	2009	2010
8011	17	8013	2001	2001
12124	22	9560	2011	2014
7798	17	5873	2013	2013
10343	22	9547	1989	1990
4167	14	4168	1996	2017
11657	22	10697	2013	2014
5722	16	2437	2014	2014
6994	17	6368	2002	2002
11580	22	10563	1954	1956
10023	22	9840	2013	2014
7698	17	7046	2011	2011
675	6	2051	1813	1814
11858	22	10277	1993	1993
5488	20	5798	2012	2012
6878	23	12520	1914	1934
11621	22	10250	1998	1998
4193	14	4194	2012	2014
100	5	771	2012	2022
11111	22	10809	2002	2003
12299	22	11096	2007	2008
1616	1	1597	2015	2022
7184	20	6706	1928	1928
819	1	821	1872	1972
350	1	163	1790	1968
9187	20	7092	1905	1905
7790	17	7052	2009	2009
12220	22	10767	2006	2007
12153	22	10355	2006	2007
11286	22	9894	2007	2007
12044	22	10524	1999	2006
10871	22	10590	2012	2012
8293	17	8294	2006	2006
2873	9	2476	1992	2007
6383	17	6384	2010	2010
8382	17	6619	2003	2003
10513	22	10514	2012	2013
12344	22	11832	2008	2009
10899	22	10723	1995	1995
6032	20	6037	2002	2002
11939	22	10786	2001	2004
4559	17	6190	1954	1954
12375	22	11405	2003	2003
8161	17	7643	2002	2002
1526	1	30	1721	1782
10973	22	10030	1992	1995
8321	17	6065	1949	1949
2301	23	12535	1909	1924
3879	14	3431	2002	2007
1961	6	2008	1846	1867
790	1	522	2015	2022
9432	21	9465	2002	2004
11734	22	10003	2003	2003
11798	22	10005	1997	1997
9343	20	8308	2011	2011
11618	22	10348	2002	2003
12205	22	11782	2012	2012
5411	16	5534	1991	1991
8481	20	8357	2012	2012
5370	16	5380	1995	1995
147	1	241	1968	2022
7509	17	7036	1995	1995
11614	22	10482	2002	2004
5548	16	5604	2000	2000
12357	22	9768	2014	2014
11347	22	9815	1980	1981
8887	17	6068	1990	1990
6663	20	9193	2000	2000
7906	17	7908	1995	1995
5756	20	9297	2006	2006
3425	14	3429	1893	1894
11881	22	11141	2001	2001
9151	22	10100	2006	2006
10653	22	9974	2007	2011
3093	17	6304	1985	1985
2055	9	2495	1970	2022
10725	22	9608	2015	2015
1699	2	1672	1984	2022
9400	20	7917	2001	2001
6312	17	6316	1997	1997
11186	22	10632	2005	2006
11694	22	5588	1993	2006
11344	22	10121	2006	2006
6989	17	5856	1952	1952
11392	22	9942	2007	2010
9409	20	6867	1982	1982
12065	22	10957	2006	2007
8584	17	6251	1987	1987
9053	17	7474	1960	1960
12210	22	10321	2012	2012
1921	5	1981	1977	2022
5610	20	8233	2008	2008
5886	17	5888	2010	2010
737	1	123	1871	2022
12143	22	10157	2003	2006
11778	22	10092	2011	2011
11940	22	10224	2012	2022
5962	20	6396	2001	2001
6732	17	6733	1983	1983
6884	17	7815	1834	1834
680	18	9133	1867	1967
5300	15	4971	2016	2022
11931	22	10403	1999	1999
1376	1	1142	1820	1920
700	15	5028	1915	2015
12222	22	10887	2000	2008
924	1	866	2015	2022
8372	20	9165	2007	2007
3357	13	3255	1875	1913
753	18	752	1914	2014
11608	22	10268	2016	2022
1339	1	1210	1871	1920
11402	22	10567	1999	2000
7170	20	7092	1953	1953
11280	22	9980	1984	1990
11314	22	10069	2004	2005
3184	12	2150	1956	2011
9187	20	7092	1904	1904
7023	17	6893	1996	1996
8011	20	9325	2006	2006
8796	17	8402	1981	1981
4405	14	4407	1997	2001
11148	22	10417	2009	2010
1884	9	2591	2014	2022
12173	22	9679	1999	2005
11583	22	9815	1985	1987
1571	15	4983	1914	2014
1288	1	129	1790	1871
1818	3	1784	1962	2022
8624	17	6417	1998	1998
3226	17	6172	2004	2004
10206	22	9830	2004	2005
1428	1	125	1790	1871
9596	22	9601	2003	2003
11825	22	10393	2010	2010
11624	22	9684	2007	2010
11363	22	10538	2001	2006
12071	22	9887	2009	2010
2402	20	7473	1997	1997
9220	20	6763	1975	1975
11982	22	11742	1987	1991
3840	21	9468	1963	1963
8126	17	6826	1991	1991
7305	20	6012	1963	1963
7816	20	9304	2000	2000
11307	22	10229	1992	1992
5370	16	5372	1985	1985
7567	17	7568	2012	2012
10267	22	9586	2008	2008
4380	14	4049	1288	1292
11069	22	10040	2009	2011
11904	22	10387	2003	2009
4575	17	6543	1971	1971
19	6	625	1940	1944
6885	20	7092	1951	1951
2693	14	3468	1922	1952
5248	15	4973	1916	2016
2034	6	115	1922	2022
12320	22	10522	1996	1999
10603	22	9818	1987	1987
7964	20	7343	2005	2005
4129	14	4026	2001	2002
5850	17	8150	2014	2014
1816	3	1778	2007	2022
2124	6	116	1801	1922
2574	17	6854	1978	1978
3272	13	3245	1979	2022
5235	15	4973	1915	2015
1188	1	953	1790	1871
2269	8	2270	1996	2001
2666	9	2480	1929	2022
11523	22	10143	1982	1982
3801	14	3805	2015	2015
1379	1	1142	1871	1920
9760	22	9763	2014	2014
8273	17	6349	1967	1967
10710	22	10303	1991	2003
8253	17	6012	2003	2003
8892	20	9182	1994	1994
1906	17	7624	2013	2013
11430	22	11313	2011	2011
4221	14	3586	1959	1965
12390	22	10165	2003	2006
50	0	52	2004	2022
12299	22	11225	2012	2012
8430	17	6990	1996	1996
12261	22	11039	2005	2007
7772	20	7912	2004	2004
11794	22	9551	2003	2003
5871	17	5877	2001	2001
5479	16	5487	1982	1982
12218	22	10073	2010	2013
11939	22	11450	1991	1996
5236	15	4971	2017	2022
8692	17	8695	1996	1996
10441	22	2772	2010	2010
8516	17	6207	1956	1956
356	1	122	1790	1871
2990	10	2926	1947	1981
6756	17	6059	1982	1982
8598	17	8599	2014	2014
8280	17	6012	1981	1981
3126	11	3095	1989	2022
10194	22	10093	2007	2009
12089	22	10404	2004	2006
12337	22	10572	2009	2009
11811	22	10003	1997	1998
4604	14	4605	2013	2022
3806	14	3416	1783	1784
12087	22	11257	2009	2009
2448	17	7925	2011	2011
7819	17	7016	1981	1981
7886	20	8095	1995	1995
6796	20	6801	2005	2005
2389	8	2341	1957	1959
439	1	1560	1403	1493
1499	1	122	1790	1871
7809	17	6198	1988	1988
2003	6	2019	1917	2022
7446	17	7126	1925	1925
12210	22	10283	2009	2011
579	1	580	1973	2022
1218	1	129	1920	2022
11734	22	10020	2012	2015
2244	17	5815	1954	1954
10014	22	10016	1992	1992
10994	22	10045	2002	2004
6874	20	6875	1967	1967
7772	20	8371	2004	2004
1729	9	2562	2003	2009
11984	22	10278	1996	1996
6746	17	6747	2002	2002
709	1	370	2015	2022
8815	17	6954	2009	2009
8681	17	6276	2008	2008
7493	17	7241	1964	1964
2183	7	2187	1962	1968
5568	20	5722	1991	1991
494	1	26	1991	2022
10668	22	10122	1975	1976
1939	15	5049	1245	1492
1253	1	129	1790	1871
8438	20	6780	1932	1932
10607	22	9767	2001	2001
11968	22	9816	2000	2001
12159	22	10633	2008	2011
10606	22	5654	1991	2002
8354	20	8355	2009	2009
12317	22	9615	2004	2004
3560	14	3518	1972	1974
7964	17	7960	2005	2005
10835	22	10449	2002	2005
11178	22	11073	1992	1992
11929	22	9601	2014	2015
5311	15	4973	1915	2015
10916	22	9829	1988	1990
5411	16	5511	2010	2010
11349	22	10065	1992	1994
2127	6	171	1845	1945
6716	20	6717	1982	1982
8390	17	7750	1991	1991
11920	22	10522	2006	2011
11740	22	10047	2006	2012
6255	20	5572	1989	1989
10194	22	9543	1999	2007
10895	22	2772	2010	2011
7578	20	7579	2012	2012
8349	17	7678	1992	1992
11376	22	9845	2007	2007
1186	1	953	1790	1871
1741	2	1671	2001	2022
2778	17	7459	1989	1989
8348	17	6619	2000	2000
7419	17	7080	2012	2012
2085	15	5057	1532	2022
5091	15	4973	1914	2014
884	9	2491	1992	2022
6862	17	6236	2008	2008
182	1	129	1790	1871
700	1	701	1915	2015
11761	22	9976	2006	2006
11544	22	10631	1999	2000
10994	22	10997	2000	2001
9207	20	6150	1949	1949
4961	14	4962	1873	1878
2679	9	2482	1948	1958
2856	17	7702	1965	1965
9935	22	9934	2009	2017
6332	20	6333	2002	2002
5496	22	9756	1992	1993
1631	1	1596	1914	2014
11275	22	10838	2014	2014
11111	22	10812	2004	2007
8258	20	9200	1996	1996
12433	22	10003	2005	2011
4564	14	3423	2010	2022
235	1	241	1968	2022
2910	17	5835	1963	1963
12269	22	9878	1990	1995
10869	22	10360	1996	1997
10207	22	9818	1983	1984
2183	17	5821	1975	1975
10056	22	10058	1975	1976
1526	6	32	1708	1721
12060	22	10952	1992	1993
2094	6	2095	1805	1814
6975	17	6458	1979	1979
11864	22	10285	1990	1992
11164	22	10250	2003	2004
2102	6	2008	1815	1859
11238	22	10258	1987	2000
10402	22	10340	2004	2006
11307	22	9785	1992	2000
4807	14	3458	2001	2005
11350	22	9887	2011	2012
11607	22	9592	2001	2002
8178	17	6912	2002	2002
9012	17	5816	1912	1912
7243	17	7244	1994	1994
11428	22	10480	2010	2010
11417	22	10843	2007	2007
6891	17	6892	1997	1997
11587	22	9785	1956	1961
11275	22	10697	2008	2009
10662	22	5649	1988	1992
12284	22	9850	2007	2008
791	1	636	1979	2004
6303	17	6308	1944	1944
2558	17	5912	1899	1899
6973	17	6974	1989	1989
6271	17	6272	1996	1996
3103	11	3169	1962	1969
1208	1	1142	1871	1920
7336	17	7033	2004	2004
169	6	175	1518	1618
8412	17	7165	1981	1981
9611	22	9600	2001	2005
2857	9	2520	1990	2022
8666	17	6012	1960	1960
11429	22	11170	2008	2008
4445	14	4064	1928	1932
11339	22	10076	2008	2011
3663	14	3442	1995	2022
2795	9	2520	1996	1996
2663	17	6190	1917	1945
9099	17	5798	1966	1966
8541	17	6461	1967	1967
88	1	89	1936	2022
5365	16	5366	2002	2002
10769	22	9577	1995	2002
1353	1	129	1790	1871
2597	20	6780	1959	1959
11909	22	10777	2016	2022
8365	20	6364	2012	2012
4202	14	4203	2010	2015
12319	22	5656	2003	2004
11403	22	9565	1995	1996
6053	17	8528	1984	1984
10856	22	10628	2007	2015
6269	20	9180	1977	1977
7938	20	7328	1998	1998
1323	1	1210	1871	1920
7065	17	7068	1995	1995
1497	1	163	1790	1968
5504	20	6045	2014	2014
7889	20	8001	1970	1970
12168	22	9933	2012	2013
2836	9	2705	1815	1829
12386	22	9990	1950	1951
12208	22	11180	2014	2015
4514	14	3466	1991	1992
9524	21	9442	1894	1894
6663	20	6675	2001	2001
5722	16	5567	2009	2009
6128	17	5918	1992	1992
4536	14	4537	1957	1991
7384	17	7385	1993	1993
8894	17	8895	1999	1999
561	1	95	1915	2015
8077	17	6623	1966	1966
7491	20	6706	1920	1920
6390	20	6395	2004	2004
12407	22	10995	1993	1995
2388	20	5762	1962	1962
11863	22	10111	2001	2007
1734	2	1671	2001	2022
11520	22	10491	2013	2022
5244	15	4973	1912	2012
8081	20	8082	2012	2012
11350	22	10714	2002	2003
4607	14	3710	1801	1802
8998	20	8852	1978	1978
10343	22	9594	1980	1982
588	6	589	1922	1941
613	1	416	1914	2014
12361	22	10946	2004	2006
2660	9	2491	1974	2022
127	1	125	1920	2022
11799	22	11101	2007	2009
8708	17	8358	1964	1964
8250	17	7577	1994	1994
7345	17	7101	1982	1982
11605	22	9704	2001	2002
11546	22	9942	2003	2006
1333	1	1210	1871	2022
12159	22	9992	2010	2010
2405	14	3454	2017	2022
5222	15	4973	1915	2015
191	1	332	1917	1917
11877	22	10117	2016	2022
966	15	4982	1914	2014
2214	9	2491	1963	2022
8658	20	7092	1964	1964
1614	15	4983	1914	2014
12490	22	10278	2000	2001
11760	22	9789	1993	1993
3445	14	3447	1273	1276
3947	17	5935	1977	1977
2687	9	2495	1966	2022
5395	20	5370	2000	2000
10067	22	10069	2004	2004
8172	17	8175	2010	2010
7800	20	6825	2005	2005
4963	17	9059	2003	2003
11659	22	10098	2008	2010
8617	17	6240	1990	1990
11666	22	10782	2003	2003
4933	14	3507	1916	1917
8573	20	6780	1908	1908
5431	16	5474	2009	2009
10481	22	10483	2008	2022
10680	22	10655	2006	2008
12304	22	10783	2013	2013
10913	22	10048	2015	2022
2812	10	2924	1861	1900
11882	22	9550	2002	2004
3503	14	3506	2006	2007
5678	16	5691	1982	1982
389	1	122	1790	1871
3090	17	7697	1943	1943
1574	1	193	1998	2022
11843	22	10243	2005	2005
12477	22	10893	2011	2012
3564	14	4081	1963	1963
2205	9	2602	1974	2022
11842	22	10117	2014	2015
2165	15	5076	2015	2022
11823	22	10145	1992	1993
6880	20	9219	2003	2003
3113	14	3509	1834	1835
9467	21	9469	1903	1903
10899	22	9833	2012	2014
11078	22	10520	2010	2011
9530	21	9458	1917	1917
7437	17	7129	2000	2000
6340	20	6983	1987	1987
3174	17	6739	2007	2007
2765	9	2490	1963	2022
12460	22	9912	2009	2011
1845	4	1831	1970	1970
6965	17	6966	1998	1998
12093	22	10862	1980	1981
2857	17	7134	2012	2012
5690	22	9623	1958	1959
12149	22	11143	1998	2001
11544	22	9810	2007	2009
4814	14	3457	2005	2010
5596	16	5598	1982	1982
11359	22	9996	2008	2010
9814	22	9816	2002	2002
4582	14	3544	1922	1923
1272	1	129	1790	1871
8689	17	8177	2012	2012
5154	15	4971	2016	2022
2055	18	698	1916	2016
2258	8	2257	1990	2005
10607	22	10340	1999	1999
8734	17	5815	1956	1956
9197	20	6012	1927	1927
3356	13	3269	2005	2022
10354	22	10355	2007	2008
12097	22	9842	2013	2014
12156	22	9915	2013	2014
5231	15	4973	1916	2016
12360	22	9597	1993	1996
7290	20	6717	1992	1992
12260	22	11247	2016	2022
6149	20	8636	1990	1990
191	6	32	1621	1721
3305	13	3255	1840	2022
1086	1	1087	1929	1957
4397	14	4398	1996	1997
8983	17	5816	1900	1900
67	1	343	2015	2022
7003	17	7069	2000	2000
11675	22	9728	2004	2006
10737	22	9823	2004	2009
2428	20	8095	2003	2003
47	1	30	1846	1867
8256	20	8706	2007	2007
2664	9	2491	1980	2022
2814	9	2509	1961	1974
11677	22	10377	2008	2011
6663	20	6675	2004	2004
9233	20	7092	1966	1966
2740	9	2482	1893	1922
5154	15	4973	1915	2015
6663	20	6669	1999	1999
10716	22	9617	2016	2022
8918	20	9240	2008	2008
12044	22	9747	2002	2002
3749	14	4526	2011	2022
6649	17	6207	1954	1954
7870	17	7872	1978	1978
11816	22	10115	2005	2007
11921	22	9990	2016	2016
8941	17	6240	1987	1987
11734	22	9791	2001	2001
12136	22	10278	2009	2010
579	15	5088	1867	1972
5698	22	9756	2009	2011
10389	22	9623	2007	2008
5249	15	4971	2016	2022
11446	22	11274	2006	2006
12009	22	9865	1993	1994
7517	17	6373	2005	2005
9007	17	6713	1976	1976
11712	22	10709	2002	2011
8729	17	6313	1993	1993
9883	22	9886	2007	2008
4953	14	3523	1880	1885
5078	15	4971	2016	2022
6350	17	6198	2004	2004
3203	17	6596	2000	2000
7529	17	7530	1990	1990
942	1	865	1914	2014
1526	1	32	1708	1721
10909	22	9992	2002	2002
7570	17	6593	1993	1993
1180	1	953	1790	1871
4370	14	3710	1513	1513
5686	22	10952	1943	1955
7891	17	7227	1967	1967
4843	14	4469	2003	2009
9413	20	7092	1954	1954
10347	22	10351	2012	2012
7547	20	6674	1985	1985
10745	22	10306	2003	2003
2280	8	2281	1935	1969
6332	17	6333	1999	1999
6870	17	5939	2010	2010
1193	1	1142	1871	1920
12322	22	9858	2014	2015
2786	9	2494	1968	2022
11661	22	10177	2004	2007
10748	22	10749	1999	2002
1851	9	2484	1958	1983
10905	22	9572	1999	2000
10716	22	9608	2010	2012
11181	22	9830	2010	2010
2020	6	2018	1919	1940
9782	22	9744	1961	1966
1481	1	125	1790	1871
2857	17	7194	1993	1993
3093	17	5947	1956	1956
11604	22	11136	2000	2001
4761	14	3456	2010	2015
8164	17	7242	2003	2003
11928	22	11591	2013	2014
11244	22	9998	2008	2008
7349	17	7350	2004	2004
8121	20	9335	2014	2014
11509	22	10779	1995	1997
1145	1	953	1790	1871
10164	22	10098	2009	2010
11959	22	10569	2012	2022
9056	17	6596	1986	1986
8507	17	8508	2008	2008
1626	1	125	1790	1871
9400	20	7919	1999	1999
5823	17	5824	2003	2003
5932	17	5874	2001	2001
3196	12	2155	1978	1978
11077	22	2157	2000	2002
10432	22	10434	2014	2015
3103	14	3975	1990	1992
219	15	4973	1915	2015
8451	17	8453	2005	2005
6663	20	6666	2007	2007
10928	22	10834	2010	2012
12058	22	10523	1946	1946
1558	1	148	1790	1968
11172	22	10125	1995	1995
1444	1	129	1790	1871
8000	20	9318	1965	1965
1312	1	1210	1871	1920
6968	20	6392	1975	1975
4617	14	4407	1992	1996
11178	22	9547	1992	1992
4002	14	3455	2015	2017
11577	22	10305	2013	2014
2804	17	2106	1966	1966
1103	1	528	1905	2005
4845	14	4772	2006	2007
11552	22	10016	2001	2001
11603	22	9743	1999	2000
12089	22	10015	2010	2012
12469	22	9990	1940	1942
2481	9	2482	1898	1912
11307	22	10229	1996	1997
12437	22	9585	2013	2013
12451	22	9769	2005	2006
5790	20	6322	1982	1982
5504	17	5903	2008	2008
11812	22	10141	1993	1994
3684	14	3453	1998	2001
423	1	634	1915	2015
5455	16	5452	2007	2007
12367	22	9990	1990	1991
10487	22	9659	1981	1982
4455	14	4894	1999	2000
2193	14	3448	1926	1929
10982	22	5648	2005	2006
10700	22	9942	2008	2011
10542	22	10143	2006	2022
7825	20	6387	1988	1988
11716	22	9789	2007	2007
11620	22	9901	2010	2011
7355	20	6780	1950	1950
1872	17	7047	1976	1976
2284	8	2285	1951	1956
1787	3	1778	2007	2022
2945	14	4056	1922	1922
12270	22	10708	2008	2009
8518	20	7301	1960	1960
2673	9	2490	1980	2022
4043	14	4044	1969	1973
11079	22	10472	2000	2004
11156	22	10979	2011	2012
9972	22	9732	2003	2003
8581	17	7064	1964	1964
1002	1	433	1968	2022
2106	16	2350	1984	1984
1574	1	970	1897	1997
9052	17	6048	2007	2007
12245	22	11092	2013	2014
2049	6	332	1917	1917
7557	20	7558	1988	1988
5090	15	4971	2016	2022
7123	17	5818	2015	2022
3831	14	3762	1913	1917
7439	17	6952	1970	1970
10983	22	10037	1996	2002
9053	20	6150	1963	1963
4654	14	3786	1880	1883
2548	14	3450	2013	2022
8408	17	6357	2009	2009
8587	17	6800	1999	1999
12031	22	9698	2000	2003
8513	17	8142	2010	2010
12275	22	10233	2011	2012
5503	22	9985	1954	1957
464	1	125	1790	1871
12166	22	10885	2012	2012
7964	20	6471	2005	2005
4792	14	3719	1999	2003
8449	17	8450	1965	1965
2352	8	2353	1916	1959
5441	20	6804	2011	2011
11435	22	10278	2007	2007
11778	22	10092	2011	2013
5730	20	8255	1986	1986
4147	17	7097	1999	1999
17	1	18	1818	1918
12426	22	10306	1993	1994
11567	22	10651	2016	2022
421	1	422	2017	2022
608	1	95	1949	2015
2468	17	5815	1999	1999
6796	17	6240	2014	2014
2852	17	7047	2015	2015
8340	17	6102	2008	2008
8461	17	6296	2011	2011
2749	9	2752	2011	2012
4309	14	4310	1830	1841
10977	22	10978	2009	2009
11824	22	9886	2005	2006
5962	20	5965	2006	2006
3547	14	3548	1959	1962
3816	17	6329	1989	1989
10977	22	10738	2015	2015
4121	14	3697	1972	1974
1171	1	953	1790	1871
5410	16	5413	2007	2007
11024	22	9679	1997	2009
4627	14	3877	1846	1848
3180	11	3095	1969	2013
3801	14	3803	2007	2015
12378	22	11001	2008	2009
11731	22	10051	2009	2010
12380	22	10538	2008	2008
9085	17	6210	2013	2013
8980	17	8186	1988	1988
7816	20	5983	2000	2000
10846	22	9583	1999	2000
2410	20	6875	1941	1941
6053	20	9333	1998	1998
630	1	46	1930	1930
6896	17	6897	2009	2009
6402	17	6373	2003	2003
629	1	28	1917	2022
10492	22	9589	2003	2014
1408	1	750	2016	2022
3643	14	3519	1873	1874
5840	20	5665	1985	1985
10969	22	6517	1999	2006
11120	22	10141	1998	1999
25	0	28	1918	1991
8258	20	9199	2000	2000
11237	22	10300	2010	2022
1850	23	2951	1921	1941
12365	22	11895	2012	2022
4181	14	4183	2016	2022
10309	22	5155	2015	2015
6010	17	5949	1955	1955
12364	22	9799	1995	1997
8131	17	6702	1965	1965
8785	17	6012	1947	1947
10175	22	9617	2006	2014
1089	1	528	1905	2005
2848	9	2733	1760	1765
6796	20	6805	2010	2010
9244	20	6706	1903	1903
6726	17	6727	2014	2014
10336	22	10337	2002	2003
5722	16	5561	1991	1991
12180	22	9549	2002	2007
6499	20	7400	1997	1997
2757	9	2505	1992	2022
5281	15	4971	2016	2022
1525	1	884	1991	2022
9733	22	9739	2008	2009
11127	22	10870	2001	2001
8347	17	6144	2000	2000
12369	22	10241	1989	1992
2534	14	3934	2005	2006
12111	22	9992	2007	2010
803	1	123	1871	2022
980	1	357	2015	2022
3651	14	3652	2009	2013
11025	22	10134	1998	2006
6502	17	6503	2015	2015
636	18	1495	1932	2004
1684	2	1672	1961	1973
9975	22	9827	1979	1981
11633	22	9837	2011	2013
5290	15	4973	1916	2016
3967	17	6723	2016	2016
8572	17	5939	1987	1987
9448	21	9434	1326	1326
2846	17	6606	1986	1986
2668	9	2490	1945	2022
7819	20	7501	1993	1993
11567	22	9878	2010	2014
5073	15	4973	1915	2015
10739	22	10741	2009	2010
6024	17	5874	1994	1994
11314	22	9886	2001	2002
9063	23	3023	1917	1949
2121	6	2122	1423	1806
2539	9	2540	1834	1868
11713	22	11029	2003	2004
10056	22	9826	1974	1975
3339	13	3255	1921	2022
6656	17	6657	1997	1997
12463	22	9973	2008	2010
7979	17	7919	1967	1967
8154	17	5935	1937	1937
12392	22	9871	2005	2008
1290	1	1210	1871	1920
4935	14	3472	2011	2013
11893	22	11021	1999	2000
12270	22	10625	2008	2008
9682	22	9556	2013	2022
6964	17	6800	2009	2009
7854	20	6678	2008	2008
11666	22	9538	1995	1996
11528	22	10665	2013	2022
7570	17	6585	1992	1992
10732	22	10435	2007	2010
10722	22	10724	2007	2007
8258	20	8259	1995	1995
3361	13	3255	1986	2022
3792	14	3793	1990	1997
9516	21	9457	1935	1935
1173	15	4971	2017	2022
5055	15	4973	1915	2015
697	1	695	2016	2022
605	1	606	1950	2022
12080	22	10713	2011	2011
4393	14	3496	1931	1933
1956	6	2128	1947	1991
11683	22	10718	2014	2014
2055	9	2570	1999	2022
4654	14	3786	1897	1898
11297	22	10699	2014	2014
1874	14	3475	1969	1969
11187	22	9808	2011	2012
12037	22	10288	2013	2013
7717	17	6120	1967	1967
3358	13	3245	2005	2022
5665	16	5671	1992	1992
11298	22	9685	2009	2014
11201	22	9678	1925	1926
11445	22	9780	2003	2004
3471	14	3456	2010	2015
2404	14	3539	1992	1994
5714	17	6065	2005	2005
5720	20	5548	2001	2001
882	1	866	2015	2022
11932	22	10394	2012	2012
10071	22	10008	2014	2014
11585	22	11586	2013	2014
8408	17	8379	1999	1999
11820	22	10687	2011	2012
8270	20	6671	1985	1985
11402	22	10005	2003	2012
12221	22	10709	1997	1997
11839	22	10940	2010	2010
7098	17	6036	2000	2000
9427	20	6780	1916	1916
11645	22	10575	2008	2010
2418	20	5762	1965	1965
5553	16	5560	1989	1989
5962	17	5970	1990	1990
11382	22	10281	2011	2011
7759	17	6782	1975	1975
2760	20	7092	1959	1959
8635	17	8636	1996	1996
6383	20	9189	2010	2010
2091	6	170	1990	2022
8597	20	6396	2005	2005
5667	20	9182	1996	1996
963	1	148	1790	1968
8429	17	5949	1963	1963
1865	4	1839	1910	1910
11294	22	10377	1992	1995
11892	22	11257	2003	2003
11622	22	9684	2010	2014
1904	10	2861	2007	2013
7575	20	5841	1983	1983
6701	17	6702	1935	1935
47	1	176	1935	1963
10095	22	5478	2001	2005
11084	22	10564	1943	1952
7154	17	5836	1975	1975
1896	11	3085	1956	1994
3183	12	2029	1595	1654
5828	17	6556	1917	1917
10155	22	9843	2014	2014
11321	22	9645	2007	2010
5312	15	4971	2017	2022
12114	22	10161	2010	2010
11728	22	5656	2010	2011
1745	19	1936	1990	1997
4755	14	3447	1611	1612
5410	16	5415	1966	1966
12148	22	9739	2003	2011
9951	22	9713	2014	2015
11299	22	9878	2010	2010
1860	10	2940	1869	1874
11822	22	10111	2011	2011
11031	22	10159	2012	2013
12141	22	10591	2003	2003
11907	22	10029	2006	2012
5370	16	5379	1988	1988
12448	22	10599	2005	2005
11358	22	9685	1993	1996
3679	14	3680	1946	1950
2470	20	7400	1998	1998
12074	22	10088	2013	2015
2183	7	2196	1913	1920
6129	20	9174	2014	2014
5840	20	5665	1986	1986
10794	22	10463	1993	1995
9096	17	7454	1968	1968
6663	20	6671	2001	2001
4206	17	6536	1985	1985
6787	17	5762	1957	1957
11140	22	10420	2014	2015
10945	22	10946	2010	2014
2059	6	2064	700	969
11148	22	10034	2013	2013
8105	20	7150	1995	1995
3611	14	3612	1904	1909
5068	15	4973	1916	2016
1283	1	129	1920	2022
3490	14	3491	1924	1929
11896	22	10143	2008	2022
5493	16	5502	2000	2000
2664	9	2493	2005	2022
6053	20	8079	1991	1991
5628	20	5455	1997	1997
11898	22	9560	2014	2014
9463	21	9434	1327	1347
6995	17	5947	1972	1972
12336	22	10795	2007	2008
985	1	148	1790	1968
8404	17	6299	1985	1985
11713	22	11714	1999	2002
659	5	1934	1989	2022
12343	22	10450	2001	2002
3147	14	4296	1992	1998
2339	17	6150	1954	1954
6334	17	6339	2006	2006
8779	17	6376	1985	1985
2990	19	9159	1920	1985
1956	5	1958	2012	2022
1947	6	173	1701	1871
2880	17	6758	1859	1860
8712	17	7244	2005	2005
4121	14	4122	1949	1951
12021	22	9800	2005	2006
11528	22	9826	2007	2008
3531	14	3473	1997	2001
11443	22	9886	1991	1992
4907	14	3457	2005	2010
10147	22	10148	1995	1998
2126	6	2045	1526	1804
3331	13	3269	1997	2022
4495	14	4079	700	714
7493	17	7242	1991	1991
7772	17	7776	2004	2004
8247	17	8248	1957	1957
1143	15	4971	2016	2022
1248	1	122	1790	1871
5993	17	5996	1854	1854
6255	20	6257	1989	1989
1912	7	2180	1976	1981
6663	20	6671	2004	2004
11566	22	10316	2013	2014
974	1	123	1871	2022
7882	17	6632	2015	2015
11988	22	10458	1985	1993
8837	20	6672	2006	2006
10977	22	10979	2014	2014
10309	22	5103	2013	2013
3380	13	3255	1995	2022
7547	20	6671	1988	1988
11707	22	10632	2010	2011
2470	17	7400	1978	1978
8454	22	10093	1997	1998
4054	14	4056	1888	1890
7059	17	6357	2001	2001
11228	22	10311	2012	2012
1893	23	2947	1926	2005
3839	14	3415	1841	1841
7809	17	6198	1999	1999
10865	22	9550	2004	2007
9094	22	9701	2011	2014
11802	22	10022	1994	1994
12164	22	10537	2002	2003
11430	22	10904	2013	2022
12020	22	11142	2008	2011
3373	13	3294	1962	2022
4637	14	4638	1966	1994
11893	22	10204	2003	2003
10822	22	9973	2010	2013
10670	22	9797	2016	2016
11567	22	10650	2007	2008
9122	17	8591	1999	1999
386	1	210	1968	2022
12047	22	9829	2014	2022
5479	16	5484	1998	1998
11100	22	9647	2002	2003
11585	22	10633	2003	2003
8905	17	7244	1994	1994
3369	13	3247	1972	2022
8284	17	6616	2013	2013
2831	9	2506	1886	1890
9733	22	5655	2004	2006
5370	16	5394	2006	2006
532	1	533	2015	2022
7879	17	8623	2006	2006
1501	1	148	1790	1968
11934	22	9876	2016	2022
2856	9	2505	1966	1974
717	1	718	2004	2022
6698	20	5762	1946	1946
6925	17	6927	2011	2011
2710	9	2686	1957	2022
7859	17	5815	1984	1984
1877	20	7090	1974	1974
6914	17	6918	2005	2005
12005	22	9575	2001	2002
2837	9	2482	1849	1863
356	1	123	1871	2022
5667	20	6306	1968	1968
8896	17	8897	1983	1983
11602	22	11027	2014	2014
3900	14	3697	1923	1929
977	1	357	2015	2022
5926	20	6131	2010	2010
11186	22	9776	2012	2022
11067	22	9957	2010	2010
3842	14	3573	1999	2003
11825	22	11073	2013	2015
2183	7	2184	2015	2022
11254	22	10265	2003	2004
2414	20	5596	1977	1977
8462	17	8463	1991	1991
7528	17	6244	1979	1979
6103	20	6150	1936	1936
8622	17	7099	1955	1955
3235	12	2041	1953	1976
4643	14	3692	1999	2016
1877	20	6306	1983	1983
2660	9	2494	1980	2022
2937	10	2939	1971	1976
4937	14	3456	2010	2015
11545	22	9612	2009	2010
4621	14	3437	2001	2014
3198	12	3199	1948	1995
5181	15	5037	1915	2015
1042	18	1051	1871	2022
7015	17	7016	1989	1989
2129	6	30	1817	1917
7312	17	7051	2009	2009
5755	16	2264	2011	2011
10884	22	10278	2005	2006
11935	22	9593	2010	2010
6121	20	6122	1984	1984
11851	22	9552	2000	2002
10114	22	10116	1990	1991
8182	17	7731	1992	1992
5364	15	4973	1915	2015
11535	22	10426	1979	1984
6546	20	6850	1968	1968
9187	20	7092	1908	1908
11724	22	10125	2008	2014
588	6	589	1944	1991
5302	15	4973	1916	2016
11977	22	10186	2011	2012
8448	17	7037	2012	2012
1896	14	3450	1965	1988
9088	17	6349	1984	1984
11316	22	9730	2008	2008
4518	14	3496	2003	2013
3857	14	3858	1949	1959
11724	22	9658	2006	2006
12175	22	10238	2015	2022
12363	22	10637	2015	2022
11038	22	9973	2014	2015
12134	22	9981	2005	2005
2736	9	2482	1874	1875
12341	22	9807	2008	2010
12272	22	10307	2010	2013
9012	17	5935	1917	1917
10965	22	9994	2006	2007
2826	14	3450	2009	2013
9121	17	6209	1941	1941
10745	22	9991	2004	2005
9803	22	9804	2015	2022
2442	8	2441	1966	1986
10828	22	10464	2003	2006
11280	22	9756	2000	2002
4417	14	3496	1989	1995
9307	20	5762	1901	1901
2039	15	5002	2005	2022
10239	22	9934	1986	1988
9082	17	8823	2000	2000
11169	22	11096	2004	2005
4031	14	3495	1989	2001
10888	22	9939	2001	2004
10948	22	9644	2011	2014
10701	22	9659	2002	2004
4573	14	3431	1978	1981
4102	14	3810	1827	1827
11138	22	10184	2012	2013
11249	22	11250	1982	1983
12062	22	10543	2005	2005
2428	20	9267	2000	2000
2809	17	6005	1858	1858
4557	14	3544	1921	1922
1470	1	135	1915	2015
4722	14	3733	1823	1825
10282	22	9756	2016	2022
3310	13	3247	1966	2022
2173	6	2174	1996	2022
8069	21	9443	2015	2015
598	21	9449	1743	1743
10612	22	9539	2009	2012
10036	22	9863	2008	2022
8022	20	8058	2001	2001
5411	16	5516	2013	2013
3905	14	3847	1846	1849
6839	17	6175	1930	1930
5370	16	5393	2002	2002
8472	17	7092	1939	1939
5850	17	8151	2014	2014
12053	22	10521	2001	2010
7893	20	6706	1925	1925
2393	20	6150	1979	1979
11359	22	10029	2015	2022
5621	20	9073	2011	2011
12239	22	10091	1998	1999
11518	22	10510	2009	2009
363	1	74	1927	1929
11194	22	10418	2005	2009
8871	17	6809	1966	1966
2507	9	2476	1933	1970
11356	22	10445	2007	2007
1737	2	1671	2010	2022
11619	22	9892	2011	2013
4256	14	4132	1977	1979
1227	1	129	1920	2022
7789	17	6304	1945	1945
11415	22	10785	2007	2007
4936	14	3455	2015	2017
11664	22	9712	1954	1958
11335	22	9991	2001	2003
7566	20	5548	1985	1985
2059	6	2063	971	976
6475	17	6476	1939	1939
9505	21	9469	1917	1917
12138	22	10106	2003	2007
1743	2	1671	2003	2022
300	1	301	1916	2016
12270	22	11106	2005	2006
6796	20	6803	2013	2013
11497	22	10813	1988	1991
7146	17	5950	1979	1979
1079	15	4983	1914	2014
12275	22	9788	2005	2005
8210	17	6465	1910	1910
7320	20	9246	1996	1996
3511	14	3437	1970	1994
10214	22	9732	2007	2007
8519	17	5916	1974	1974
9092	17	6586	1976	1976
8566	17	7116	2006	2006
6325	17	7410	2002	2002
11843	22	9767	1991	1991
12136	22	10885	2007	2009
12329	22	10033	1996	1998
2468	8	2469	2003	2006
11789	22	5478	2008	2011
10120	22	9765	2006	2006
12449	22	2999	1973	1974
7061	17	6039	1981	1981
11382	22	10088	2011	2011
11516	22	10422	2001	2001
11699	22	9725	1996	2005
12263	22	9921	2013	2014
12392	22	9633	1999	2005
10577	22	5591	2012	2022
9255	20	6706	1925	1925
11798	22	9907	2007	2008
5501	22	9787	1993	1994
8522	20	9368	2003	2003
11439	22	9980	2008	2009
11359	22	10723	2004	2004
115	9	2571	1945	2022
10943	22	9643	2010	2011
11570	22	10201	1993	1993
1271	1	129	1920	2022
473	5	1987	1958	2022
7424	17	5870	1963	1963
3055	17	6620	1996	1996
1968	5	1969	2000	2022
8637	20	5982	2007	2007
21	0	22	1915	2015
11717	22	11383	2008	2009
648	1	642	1927	2005
1669	1	357	2015	2022
8768	17	8770	1986	1986
9032	17	8450	1949	1949
6828	20	8057	2005	2005
12295	22	9912	2011	2011
2094	6	2083	1859	1860
10502	22	9689	1998	2006
10764	22	9684	2011	2016
2516	9	2484	1882	1908
2715	9	2482	1933	1948
12094	22	9722	2015	2015
5411	16	5526	1997	1997
6884	17	6171	1821	1821
3190	14	3427	1862	1864
4785	14	3458	2001	2005
4075	14	4077	1994	1995
8646	17	6527	1990	1990
83	1	809	1802	1873
8235	20	6983	1996	1996
5065	15	4971	2016	2022
5938	17	5939	2003	2003
12034	22	10630	2002	2003
9268	20	6706	1912	1912
7955	17	7244	2016	2016
5159	15	5088	1868	2009
2349	20	8101	1999	1999
11497	22	11112	1990	1991
10955	22	9992	1999	2004
1043	1	126	1871	1920
12181	22	10967	2014	2015
12364	22	9827	1998	1999
1042	18	409	1871	2022
9714	22	9628	1998	1999
7113	17	7114	2000	2000
8837	20	6671	2008	2008
11917	22	9941	2006	2006
446	1	403	1949	1949
1374	1	953	1790	1871
11109	22	10640	2012	2012
8110	20	9175	2001	2001
11902	22	11903	2007	2010
7681	17	6357	1984	1984
12438	22	10340	2007	2007
12443	22	11578	2006	2006
705	1	687	1915	2015
2309	20	6825	1998	1998
12344	22	10284	2003	2008
3115	11	3095	1974	2022
1529	1	148	1790	1968
4913	14	3710	1563	1564
12065	22	10974	2013	2022
5525	20	6207	1974	1974
8258	20	8266	2000	2000
6663	17	5847	1999	1999
6454	17	6357	1994	1994
12276	22	10029	1982	1983
426	1	427	1915	2015
4500	14	3639	2008	2009
10757	22	9761	1998	2001
11269	22	9766	2013	2013
1550	1	210	1978	1991
6830	20	6012	1958	1958
12134	22	10030	2012	2012
9409	20	7301	1986	1986
488	18	1594	1851	2022
4015	14	4321	1994	2000
9268	20	6706	1932	1932
1853	4	1833	1970	1970
4381	14	3431	1997	1998
11817	22	9825	2014	2015
6540	17	6277	1992	1992
11201	22	2157	1930	1935
6041	17	6042	2008	2008
5258	15	4973	1915	2015
10871	22	9996	2006	2009
25	6	30	1721	1917
11561	22	10591	1998	2000
11740	22	9853	1998	1999
9505	21	9458	1957	1957
6421	17	6262	1980	1980
11568	22	9707	1990	1992
801	15	5088	1925	2016
2557	9	2480	1967	2022
2980	10	2982	1979	1988
10120	22	9765	2008	2008
1344	1	1210	1871	1920
1866	17	6824	1969	1969
2402	17	7132	1986	1986
11194	22	10661	2009	2009
8361	17	7022	2010	2010
7772	20	7773	2004	2004
11361	22	10332	2007	2007
8231	20	6770	2014	2014
1433	9	2491	1961	2022
169	1	175	1157	1618
637	15	4982	1914	2014
4646	17	6012	1925	1925
11601	22	10227	2009	2010
12243	22	10161	1997	2001
11896	22	9973	2010	2010
9226	20	7301	1958	1958
12204	22	11386	2013	2013
7182	17	6275	1993	1993
8441	20	7092	1935	1935
5441	20	6045	2014	2014
12150	22	11034	2003	2006
10221	22	10111	2009	2011
607	1	596	1929	1936
5626	16	5456	1989	1989
9782	22	9566	1977	1977
1729	2	1671	2004	2022
6693	20	6363	2007	2007
10397	22	10399	1999	2002
3225	20	6780	1950	1950
7307	17	8881	2006	2006
6968	20	6393	1972	1972
9832	22	9834	2008	2008
11214	22	10029	2012	2013
1016	1	125	1790	1871
11061	22	5478	2006	2008
1851	10	3012	1920	1934
4839	14	4798	2014	2016
6846	17	6290	1984	1984
11927	22	9592	1998	2000
8459	17	8460	2016	2016
2130	6	2027	1918	1939
1462	1	1456	2005	2022
10276	22	10278	2006	2006
7120	17	5988	2004	2004
8486	20	6875	2007	2007
7934	17	6198	2007	2007
11891	22	9675	2005	2006
3743	14	3495	1822	1825
2098	6	2100	2008	2008
2953	10	2954	1920	1921
5163	15	4986	1994	2013
8974	20	7473	1990	1990
11869	22	10671	2003	2008
1861	11	3118	1987	1999
3994	14	3454	2017	2022
11697	22	9990	1995	1997
3244	13	3245	1993	2022
5619	20	9073	2006	2006
7004	17	7006	2012	2012
1428	1	126	1871	1920
6334	17	6337	1982	1982
5370	16	5381	2010	2010
3243	22	9539	2004	2005
6995	17	5947	1945	1945
11471	22	10142	2005	2008
11978	22	10834	2003	2006
12391	22	9636	2004	2006
4266	14	4242	1997	2000
12246	22	10392	2010	2011
11409	22	9916	2008	2009
844	1	679	1914	2014
9076	20	7862	2009	2009
2022	6	2023	1927	2022
1781	3	1778	2007	2022
3889	14	3455	2015	2017
1535	1	123	1871	2022
771	6	26	1991	2022
1762	2	1671	2009	2022
751	1	411	1916	2016
7623	17	6023	2012	2012
12303	22	10251	2004	2009
7849	20	6387	1994	1994
8536	17	7057	1982	1982
12140	22	11662	1991	1993
9104	17	6328	2006	2006
12270	22	11082	2006	2006
3833	14	3719	1835	1842
983	1	411	1916	2016
